1	 1	 -1
2	 1	 1
1	 2	 -1
34	 2	 1
1	 3	 -1
986	 3	 1
1	 4	 -1
920	 4	 1
2	 5	 -1
35	 5	 1
2	 6	 -1
922	 6	 1
2	 7	 -1
3	 7	 1
3	 8	 -1
924	 8	 1
3	 9	 -1
36	 9	 1
3	 10	 -1
4	 10	 1
4	 11	 -1
5	 11	 1
4	 12	 -1
37	 12	 1
4	 13	 -1
926	 13	 1
5	 14	 -1
928	 14	 1
5	 15	 -1
6	 15	 1
5	 16	 -1
38	 16	 1
6	 17	 -1
39	 17	 1
6	 18	 -1
7	 18	 1
6	 19	 -1
930	 19	 1
7	 20	 -1
8	 20	 1
7	 21	 -1
40	 21	 1
7	 22	 -1
932	 22	 1
8	 23	 -1
934	 23	 1
8	 24	 -1
9	 24	 1
8	 25	 -1
41	 25	 1
9	 26	 -1
10	 26	 1
9	 27	 -1
936	 27	 1
9	 28	 -1
42	 28	 1
10	 29	 -1
11	 29	 1
10	 30	 -1
938	 30	 1
10	 31	 -1
43	 31	 1
11	 32	 -1
44	 32	 1
11	 33	 -1
12	 33	 1
11	 34	 -1
940	 34	 1
12	 35	 -1
942	 35	 1
12	 36	 -1
45	 36	 1
12	 37	 -1
13	 37	 1
13	 38	 -1
46	 38	 1
13	 39	 -1
14	 39	 1
13	 40	 -1
944	 40	 1
14	 41	 -1
946	 41	 1
14	 42	 -1
15	 42	 1
14	 43	 -1
47	 43	 1
15	 44	 -1
48	 44	 1
15	 45	 -1
16	 45	 1
15	 46	 -1
948	 46	 1
16	 47	 -1
17	 47	 1
16	 48	 -1
49	 48	 1
16	 49	 -1
950	 49	 1
17	 50	 -1
18	 50	 1
17	 51	 -1
50	 51	 1
17	 52	 -1
952	 52	 1
18	 53	 -1
19	 53	 1
18	 54	 -1
51	 54	 1
18	 55	 -1
954	 55	 1
19	 56	 -1
52	 56	 1
19	 57	 -1
20	 57	 1
19	 58	 -1
956	 58	 1
20	 59	 -1
53	 59	 1
20	 60	 -1
21	 60	 1
20	 61	 -1
958	 61	 1
21	 62	 -1
54	 62	 1
21	 63	 -1
22	 63	 1
21	 64	 -1
960	 64	 1
22	 65	 -1
55	 65	 1
22	 66	 -1
23	 66	 1
22	 67	 -1
962	 67	 1
23	 68	 -1
56	 68	 1
23	 69	 -1
24	 69	 1
23	 70	 -1
964	 70	 1
24	 71	 -1
57	 71	 1
24	 72	 -1
966	 72	 1
24	 73	 -1
25	 73	 1
25	 74	 -1
26	 74	 1
25	 75	 -1
968	 75	 1
25	 76	 -1
58	 76	 1
26	 77	 -1
59	 77	 1
26	 78	 -1
970	 78	 1
26	 79	 -1
27	 79	 1
27	 80	 -1
972	 80	 1
27	 81	 -1
60	 81	 1
27	 82	 -1
28	 82	 1
28	 83	 -1
974	 83	 1
28	 84	 -1
61	 84	 1
28	 85	 -1
29	 85	 1
29	 86	 -1
976	 86	 1
29	 87	 -1
30	 87	 1
29	 88	 -1
62	 88	 1
30	 89	 -1
978	 89	 1
30	 90	 -1
31	 90	 1
30	 91	 -1
63	 91	 1
31	 92	 -1
64	 92	 1
31	 93	 -1
32	 93	 1
31	 94	 -1
980	 94	 1
32	 95	 -1
982	 95	 1
32	 96	 -1
33	 96	 1
32	 97	 -1
65	 97	 1
33	 98	 -1
66	 98	 1
33	 99	 -1
987	 99	 1
33	 100	 -1
984	 100	 1
34	 101	 -1
988	 101	 1
34	 102	 -1
35	 102	 1
34	 103	 -1
67	 103	 1
35	 104	 -1
68	 104	 1
35	 105	 -1
36	 105	 1
36	 106	 -1
69	 106	 1
36	 107	 -1
37	 107	 1
37	 108	 -1
38	 108	 1
37	 109	 -1
70	 109	 1
38	 110	 -1
39	 110	 1
38	 111	 -1
71	 111	 1
39	 112	 -1
72	 112	 1
39	 113	 -1
40	 113	 1
40	 114	 -1
1094	 114	 1
40	 115	 -1
1092	 115	 1
40	 116	 -1
72	 116	 1
40	 117	 -1
41	 117	 1
40	 118	 -1
1096	 118	 1
41	 119	 -1
42	 119	 1
41	 120	 -1
1096	 120	 1
41	 121	 -1
1097	 121	 1
42	 122	 -1
73	 122	 1
42	 123	 -1
43	 123	 1
42	 124	 -1
1097	 124	 1
43	 125	 -1
44	 125	 1
43	 126	 -1
74	 126	 1
44	 127	 -1
45	 127	 1
44	 128	 -1
75	 128	 1
45	 129	 -1
76	 129	 1
45	 130	 -1
46	 130	 1
46	 131	 -1
47	 131	 1
46	 132	 -1
77	 132	 1
47	 133	 -1
78	 133	 1
47	 134	 -1
48	 134	 1
48	 135	 -1
1176	 135	 1
48	 136	 -1
49	 136	 1
48	 137	 -1
78	 137	 1
49	 138	 -1
50	 138	 1
49	 139	 -1
79	 139	 1
49	 140	 -1
1176	 140	 1
50	 141	 -1
80	 141	 1
50	 142	 -1
51	 142	 1
51	 143	 -1
52	 143	 1
51	 144	 -1
81	 144	 1
52	 145	 -1
82	 145	 1
52	 146	 -1
53	 146	 1
53	 147	 -1
54	 147	 1
53	 148	 -1
83	 148	 1
54	 149	 -1
55	 149	 1
54	 150	 -1
84	 150	 1
55	 151	 -1
56	 151	 1
55	 152	 -1
85	 152	 1
56	 153	 -1
57	 153	 1
56	 154	 -1
86	 154	 1
57	 155	 -1
87	 155	 1
57	 156	 -1
58	 156	 1
58	 157	 -1
59	 157	 1
58	 158	 -1
88	 158	 1
59	 159	 -1
60	 159	 1
59	 160	 -1
89	 160	 1
60	 161	 -1
61	 161	 1
60	 162	 -1
90	 162	 1
61	 163	 -1
91	 163	 1
61	 164	 -1
62	 164	 1
62	 165	 -1
92	 165	 1
62	 166	 -1
63	 166	 1
63	 167	 -1
64	 167	 1
63	 168	 -1
93	 168	 1
64	 169	 -1
94	 169	 1
64	 170	 -1
65	 170	 1
65	 171	 -1
66	 171	 1
65	 172	 -1
95	 172	 1
66	 173	 -1
989	 173	 1
66	 174	 -1
96	 174	 1
67	 175	 -1
990	 175	 1
67	 176	 -1
68	 176	 1
67	 177	 -1
97	 177	 1
68	 178	 -1
69	 178	 1
68	 179	 -1
98	 179	 1
69	 180	 -1
99	 180	 1
69	 181	 -1
70	 181	 1
70	 182	 -1
100	 182	 1
70	 183	 -1
71	 183	 1
71	 184	 -1
72	 184	 1
71	 185	 -1
101	 185	 1
72	 186	 -1
102	 186	 1
72	 187	 -1
1092	 187	 1
73	 188	 -1
104	 188	 1
73	 189	 -1
74	 189	 1
73	 190	 -1
1097	 190	 1
73	 191	 -1
1095	 191	 1
73	 192	 -1
103	 192	 1
74	 193	 -1
105	 193	 1
74	 194	 -1
75	 194	 1
75	 195	 -1
76	 195	 1
75	 196	 -1
106	 196	 1
76	 197	 -1
107	 197	 1
76	 198	 -1
77	 198	 1
77	 199	 -1
108	 199	 1
77	 200	 -1
78	 200	 1
78	 201	 -1
1176	 201	 1
78	 202	 -1
109	 202	 1
78	 203	 -1
1174	 203	 1
79	 204	 -1
1177	 204	 1
79	 205	 -1
1176	 205	 1
79	 206	 -1
80	 206	 1
79	 207	 -1
110	 207	 1
80	 208	 -1
81	 208	 1
80	 209	 -1
111	 209	 1
81	 210	 -1
82	 210	 1
81	 211	 -1
112	 211	 1
82	 212	 -1
113	 212	 1
82	 213	 -1
83	 213	 1
83	 214	 -1
114	 214	 1
83	 215	 -1
84	 215	 1
84	 216	 -1
85	 216	 1
84	 217	 -1
115	 217	 1
85	 218	 -1
86	 218	 1
85	 219	 -1
116	 219	 1
86	 220	 -1
87	 220	 1
86	 221	 -1
117	 221	 1
87	 222	 -1
88	 222	 1
87	 223	 -1
118	 223	 1
88	 224	 -1
89	 224	 1
88	 225	 -1
119	 225	 1
89	 226	 -1
90	 226	 1
89	 227	 -1
120	 227	 1
90	 228	 -1
121	 228	 1
90	 229	 -1
91	 229	 1
91	 230	 -1
92	 230	 1
91	 231	 -1
122	 231	 1
92	 232	 -1
123	 232	 1
92	 233	 -1
93	 233	 1
93	 234	 -1
124	 234	 1
93	 235	 -1
94	 235	 1
94	 236	 -1
95	 236	 1
94	 237	 -1
125	 237	 1
95	 238	 -1
126	 238	 1
95	 239	 -1
96	 239	 1
96	 240	 -1
991	 240	 1
96	 241	 -1
127	 241	 1
97	 242	 -1
992	 242	 1
97	 243	 -1
98	 243	 1
97	 244	 -1
128	 244	 1
98	 245	 -1
99	 245	 1
98	 246	 -1
129	 246	 1
99	 247	 -1
130	 247	 1
99	 248	 -1
100	 248	 1
100	 249	 -1
131	 249	 1
100	 250	 -1
101	 250	 1
101	 251	 -1
132	 251	 1
101	 252	 -1
102	 252	 1
102	 253	 -1
1088	 253	 1
102	 254	 -1
132	 254	 1
102	 255	 -1
1092	 255	 1
102	 256	 -1
1090	 256	 1
103	 257	 -1
1130	 257	 1
103	 258	 -1
1132	 258	 1
103	 259	 -1
104	 259	 1
103	 260	 -1
1095	 260	 1
103	 261	 -1
1093	 261	 1
103	 262	 -1
1091	 262	 1
103	 263	 -1
1128	 263	 1
104	 264	 -1
1133	 264	 1
104	 265	 -1
133	 265	 1
104	 266	 -1
105	 266	 1
104	 267	 -1
1132	 267	 1
105	 268	 -1
133	 268	 1
105	 269	 -1
106	 269	 1
106	 270	 -1
134	 270	 1
106	 271	 -1
107	 271	 1
107	 272	 -1
108	 272	 1
107	 273	 -1
135	 273	 1
108	 274	 -1
109	 274	 1
108	 275	 -1
136	 275	 1
109	 276	 -1
1170	 276	 1
109	 277	 -1
1172	 277	 1
109	 278	 -1
1174	 278	 1
109	 279	 -1
136	 279	 1
110	 280	 -1
1175	 280	 1
110	 281	 -1
1177	 281	 1
110	 282	 -1
111	 282	 1
110	 283	 -1
137	 283	 1
110	 284	 -1
1173	 284	 1
111	 285	 -1
112	 285	 1
111	 286	 -1
138	 286	 1
112	 287	 -1
139	 287	 1
112	 288	 -1
113	 288	 1
113	 289	 -1
140	 289	 1
113	 290	 -1
114	 290	 1
114	 291	 -1
141	 291	 1
114	 292	 -1
115	 292	 1
115	 293	 -1
142	 293	 1
115	 294	 -1
116	 294	 1
116	 295	 -1
117	 295	 1
116	 296	 -1
143	 296	 1
117	 297	 -1
144	 297	 1
117	 298	 -1
118	 298	 1
118	 299	 -1
119	 299	 1
118	 300	 -1
145	 300	 1
119	 301	 -1
146	 301	 1
119	 302	 -1
120	 302	 1
120	 303	 -1
147	 303	 1
120	 304	 -1
121	 304	 1
121	 305	 -1
148	 305	 1
121	 306	 -1
122	 306	 1
122	 307	 -1
123	 307	 1
122	 308	 -1
149	 308	 1
123	 309	 -1
150	 309	 1
123	 310	 -1
124	 310	 1
124	 311	 -1
151	 311	 1
124	 312	 -1
125	 312	 1
125	 313	 -1
152	 313	 1
125	 314	 -1
126	 314	 1
126	 315	 -1
127	 315	 1
126	 316	 -1
153	 316	 1
127	 317	 -1
154	 317	 1
127	 318	 -1
993	 318	 1
128	 319	 -1
155	 319	 1
128	 320	 -1
129	 320	 1
128	 321	 -1
994	 321	 1
129	 322	 -1
156	 322	 1
129	 323	 -1
130	 323	 1
130	 324	 -1
131	 324	 1
130	 325	 -1
157	 325	 1
131	 326	 -1
158	 326	 1
131	 327	 -1
132	 327	 1
132	 328	 -1
159	 328	 1
132	 329	 -1
1088	 329	 1
133	 330	 -1
160	 330	 1
133	 331	 -1
161	 331	 1
133	 332	 -1
134	 332	 1
133	 333	 -1
1133	 333	 1
134	 334	 -1
162	 334	 1
134	 335	 -1
135	 335	 1
135	 336	 -1
163	 336	 1
135	 337	 -1
136	 337	 1
136	 338	 -1
1170	 338	 1
136	 339	 -1
164	 339	 1
137	 340	 -1
165	 340	 1
137	 341	 -1
166	 341	 1
137	 342	 -1
138	 342	 1
137	 343	 -1
1173	 343	 1
138	 344	 -1
167	 344	 1
138	 345	 -1
139	 345	 1
139	 346	 -1
168	 346	 1
139	 347	 -1
140	 347	 1
140	 348	 -1
169	 348	 1
140	 349	 -1
141	 349	 1
141	 350	 -1
170	 350	 1
141	 351	 -1
142	 351	 1
142	 352	 -1
143	 352	 1
142	 353	 -1
171	 353	 1
143	 354	 -1
144	 354	 1
143	 355	 -1
172	 355	 1
144	 356	 -1
173	 356	 1
144	 357	 -1
145	 357	 1
145	 358	 -1
146	 358	 1
145	 359	 -1
174	 359	 1
146	 360	 -1
147	 360	 1
146	 361	 -1
175	 361	 1
147	 362	 -1
148	 362	 1
147	 363	 -1
176	 363	 1
148	 364	 -1
149	 364	 1
148	 365	 -1
177	 365	 1
149	 366	 -1
1326	 366	 1
149	 367	 -1
177	 367	 1
149	 368	 -1
150	 368	 1
149	 369	 -1
1314	 369	 1
149	 370	 -1
1328	 370	 1
150	 371	 -1
178	 371	 1
150	 372	 -1
151	 372	 1
150	 373	 -1
1314	 373	 1
150	 374	 -1
1315	 374	 1
150	 375	 -1
1338	 375	 1
151	 376	 -1
152	 376	 1
151	 377	 -1
178	 377	 1
152	 378	 -1
179	 378	 1
152	 379	 -1
153	 379	 1
153	 380	 -1
180	 380	 1
153	 381	 -1
154	 381	 1
154	 382	 -1
181	 382	 1
154	 383	 -1
995	 383	 1
155	 384	 -1
996	 384	 1
155	 385	 -1
182	 385	 1
155	 386	 -1
156	 386	 1
156	 387	 -1
157	 387	 1
156	 388	 -1
183	 388	 1
157	 389	 -1
158	 389	 1
157	 390	 -1
184	 390	 1
158	 391	 -1
185	 391	 1
158	 392	 -1
159	 392	 1
159	 393	 -1
1120	 393	 1
159	 394	 -1
1070	 394	 1
159	 395	 -1
1076	 395	 1
159	 396	 -1
185	 396	 1
159	 397	 -1
1088	 397	 1
159	 398	 -1
1086	 398	 1
159	 399	 -1
1078	 399	 1
159	 400	 -1
1112	 400	 1
160	 401	 -1
1133	 401	 1
160	 402	 -1
161	 402	 1
160	 403	 -1
187	 403	 1
160	 404	 -1
186	 404	 1
160	 405	 -1
1129	 405	 1
160	 406	 -1
1131	 406	 1
161	 407	 -1
188	 407	 1
161	 408	 -1
162	 408	 1
162	 409	 -1
163	 409	 1
162	 410	 -1
189	 410	 1
163	 411	 -1
164	 411	 1
163	 412	 -1
190	 412	 1
164	 413	 -1
1170	 413	 1
164	 414	 -1
1168	 414	 1
164	 415	 -1
1166	 415	 1
164	 416	 -1
190	 416	 1
165	 417	 -1
1171	 417	 1
165	 418	 -1
1169	 418	 1
165	 419	 -1
191	 419	 1
165	 420	 -1
166	 420	 1
165	 421	 -1
1173	 421	 1
166	 422	 -1
167	 422	 1
166	 423	 -1
192	 423	 1
167	 424	 -1
168	 424	 1
167	 425	 -1
193	 425	 1
168	 426	 -1
169	 426	 1
168	 427	 -1
194	 427	 1
169	 428	 -1
195	 428	 1
169	 429	 -1
170	 429	 1
170	 430	 -1
171	 430	 1
170	 431	 -1
196	 431	 1
171	 432	 -1
197	 432	 1
171	 433	 -1
172	 433	 1
172	 434	 -1
198	 434	 1
172	 435	 -1
173	 435	 1
173	 436	 -1
174	 436	 1
173	 437	 -1
199	 437	 1
174	 438	 -1
200	 438	 1
174	 439	 -1
175	 439	 1
175	 440	 -1
176	 440	 1
175	 441	 -1
1322	 441	 1
175	 442	 -1
200	 442	 1
176	 443	 -1
1322	 443	 1
176	 444	 -1
177	 444	 1
176	 445	 -1
1324	 445	 1
177	 446	 -1
1326	 446	 1
177	 447	 -1
1324	 447	 1
178	 448	 -1
179	 448	 1
178	 449	 -1
202	 449	 1
178	 450	 -1
201	 450	 1
178	 451	 -1
1339	 451	 1
178	 452	 -1
1338	 452	 1
179	 453	 -1
203	 453	 1
179	 454	 -1
180	 454	 1
180	 455	 -1
204	 455	 1
180	 456	 -1
181	 456	 1
181	 457	 -1
997	 457	 1
181	 458	 -1
205	 458	 1
182	 459	 -1
183	 459	 1
182	 460	 -1
206	 460	 1
182	 461	 -1
998	 461	 1
183	 462	 -1
207	 462	 1
183	 463	 -1
184	 463	 1
184	 464	 -1
208	 464	 1
184	 465	 -1
185	 465	 1
185	 466	 -1
1118	 466	 1
185	 467	 -1
1076	 467	 1
185	 468	 -1
208	 468	 1
185	 469	 -1
1104	 469	 1
185	 470	 -1
1106	 470	 1
185	 471	 -1
1084	 471	 1
185	 472	 -1
1110	 472	 1
186	 473	 -1
1127	 473	 1
186	 474	 -1
1125	 474	 1
186	 475	 -1
210	 475	 1
186	 476	 -1
211	 476	 1
186	 477	 -1
187	 477	 1
186	 478	 -1
1129	 478	 1
187	 479	 -1
212	 479	 1
187	 480	 -1
188	 480	 1
188	 481	 -1
189	 481	 1
188	 482	 -1
213	 482	 1
189	 483	 -1
190	 483	 1
189	 484	 -1
214	 484	 1
190	 485	 -1
1164	 485	 1
190	 486	 -1
1166	 486	 1
190	 487	 -1
215	 487	 1
191	 488	 -1
216	 488	 1
191	 489	 -1
217	 489	 1
191	 490	 -1
192	 490	 1
191	 491	 -1
1169	 491	 1
191	 492	 -1
1167	 492	 1
192	 493	 -1
218	 493	 1
192	 494	 -1
193	 494	 1
193	 495	 -1
194	 495	 1
193	 496	 -1
219	 496	 1
194	 497	 -1
220	 497	 1
194	 498	 -1
195	 498	 1
195	 499	 -1
196	 499	 1
195	 500	 -1
221	 500	 1
196	 501	 -1
222	 501	 1
196	 502	 -1
197	 502	 1
197	 503	 -1
223	 503	 1
197	 504	 -1
198	 504	 1
198	 505	 -1
199	 505	 1
198	 506	 -1
224	 506	 1
199	 507	 -1
200	 507	 1
199	 508	 -1
225	 508	 1
200	 509	 -1
1318	 509	 1
200	 510	 -1
1320	 510	 1
200	 511	 -1
1322	 511	 1
200	 512	 -1
225	 512	 1
201	 513	 -1
1339	 513	 1
201	 514	 -1
1305	 514	 1
201	 515	 -1
1303	 515	 1
201	 516	 -1
228	 516	 1
201	 517	 -1
202	 517	 1
202	 518	 -1
203	 518	 1
202	 519	 -1
229	 519	 1
203	 520	 -1
230	 520	 1
203	 521	 -1
204	 521	 1
204	 522	 -1
231	 522	 1
204	 523	 -1
205	 523	 1
205	 524	 -1
999	 524	 1
205	 525	 -1
232	 525	 1
206	 526	 -1
1000	 526	 1
206	 527	 -1
233	 527	 1
206	 528	 -1
207	 528	 1
207	 529	 -1
1100	 529	 1
207	 530	 -1
233	 530	 1
207	 531	 -1
208	 531	 1
207	 532	 -1
1102	 532	 1
208	 533	 -1
1104	 533	 1
208	 534	 -1
1102	 534	 1
209	 535	 -1
1073	 535	 1
209	 536	 -1
1075	 536	 1
209	 537	 -1
1117	 537	 1
209	 538	 -1
1109	 538	 1
209	 539	 -1
1083	 539	 1
209	 540	 -1
210	 540	 1
209	 541	 -1
234	 541	 1
209	 542	 -1
1069	 542	 1
209	 543	 -1
1081	 543	 1
209	 544	 -1
1115	 544	 1
209	 545	 -1
1123	 545	 1
210	 546	 -1
1125	 546	 1
210	 547	 -1
211	 547	 1
210	 548	 -1
235	 548	 1
210	 549	 -1
1083	 549	 1
211	 550	 -1
212	 550	 1
211	 551	 -1
236	 551	 1
212	 552	 -1
237	 552	 1
212	 553	 -1
213	 553	 1
213	 554	 -1
214	 554	 1
213	 555	 -1
238	 555	 1
214	 556	 -1
239	 556	 1
214	 557	 -1
215	 557	 1
215	 558	 -1
1164	 558	 1
215	 559	 -1
1162	 559	 1
215	 560	 -1
239	 560	 1
216	 561	 -1
1167	 561	 1
216	 562	 -1
1165	 562	 1
216	 563	 -1
240	 563	 1
216	 564	 -1
217	 564	 1
217	 565	 -1
218	 565	 1
217	 566	 -1
241	 566	 1
218	 567	 -1
219	 567	 1
218	 568	 -1
242	 568	 1
219	 569	 -1
220	 569	 1
219	 570	 -1
243	 570	 1
220	 571	 -1
244	 571	 1
220	 572	 -1
221	 572	 1
221	 573	 -1
222	 573	 1
221	 574	 -1
245	 574	 1
222	 575	 -1
246	 575	 1
222	 576	 -1
223	 576	 1
223	 577	 -1
224	 577	 1
223	 578	 -1
247	 578	 1
224	 579	 -1
248	 579	 1
224	 580	 -1
225	 580	 1
225	 581	 -1
1318	 581	 1
225	 582	 -1
1316	 582	 1
225	 583	 -1
249	 583	 1
226	 584	 -1
1323	 584	 1
226	 585	 -1
1325	 585	 1
226	 586	 -1
227	 586	 1
226	 587	 -1
252	 587	 1
226	 588	 -1
251	 588	 1
226	 589	 -1
1321	 589	 1
227	 590	 -1
1327	 590	 1
227	 591	 -1
1325	 591	 1
227	 592	 -1
253	 592	 1
227	 593	 -1
1298	 593	 1
227	 594	 -1
1300	 594	 1
228	 595	 -1
1301	 595	 1
228	 596	 -1
1303	 596	 1
228	 597	 -1
229	 597	 1
228	 598	 -1
254	 598	 1
228	 599	 -1
1378	 599	 1
229	 600	 -1
230	 600	 1
229	 601	 -1
254	 601	 1
230	 602	 -1
255	 602	 1
230	 603	 -1
231	 603	 1
231	 604	 -1
232	 604	 1
231	 605	 -1
256	 605	 1
232	 606	 -1
257	 606	 1
232	 607	 -1
1001	 607	 1
233	 608	 -1
1098	 608	 1
233	 609	 -1
258	 609	 1
233	 610	 -1
1002	 610	 1
233	 611	 -1
1100	 611	 1
234	 612	 -1
235	 612	 1
234	 613	 -1
261	 613	 1
234	 614	 -1
260	 614	 1
234	 615	 -1
1067	 615	 1
234	 616	 -1
1069	 616	 1
235	 617	 -1
262	 617	 1
235	 618	 -1
236	 618	 1
236	 619	 -1
263	 619	 1
236	 620	 -1
237	 620	 1
237	 621	 -1
264	 621	 1
237	 622	 -1
238	 622	 1
238	 623	 -1
239	 623	 1
238	 624	 -1
265	 624	 1
239	 625	 -1
265	 625	 1
239	 626	 -1
1160	 626	 1
239	 627	 -1
1162	 627	 1
240	 628	 -1
241	 628	 1
240	 629	 -1
1165	 629	 1
240	 630	 -1
1163	 630	 1
240	 631	 -1
266	 631	 1
240	 632	 -1
267	 632	 1
241	 633	 -1
242	 633	 1
241	 634	 -1
268	 634	 1
242	 635	 -1
243	 635	 1
242	 636	 -1
269	 636	 1
243	 637	 -1
270	 637	 1
243	 638	 -1
244	 638	 1
244	 639	 -1
271	 639	 1
244	 640	 -1
245	 640	 1
245	 641	 -1
246	 641	 1
245	 642	 -1
272	 642	 1
246	 643	 -1
247	 643	 1
246	 644	 -1
273	 644	 1
247	 645	 -1
274	 645	 1
247	 646	 -1
248	 646	 1
248	 647	 -1
249	 647	 1
248	 648	 -1
275	 648	 1
249	 649	 -1
250	 649	 1
249	 650	 -1
276	 650	 1
249	 651	 -1
1316	 651	 1
249	 652	 -1
1317	 652	 1
250	 653	 -1
251	 653	 1
250	 654	 -1
277	 654	 1
250	 655	 -1
1317	 655	 1
250	 656	 -1
1319	 656	 1
250	 657	 -1
1321	 657	 1
251	 658	 -1
1321	 658	 1
251	 659	 -1
252	 659	 1
251	 660	 -1
278	 660	 1
252	 661	 -1
278	 661	 1
252	 662	 -1
253	 662	 1
252	 663	 -1
1288	 663	 1
252	 664	 -1
1356	 664	 1
253	 665	 -1
1360	 665	 1
253	 666	 -1
1368	 666	 1
253	 667	 -1
1370	 667	 1
253	 668	 -1
1362	 668	 1
253	 669	 -1
1290	 669	 1
253	 670	 -1
1282	 670	 1
253	 671	 -1
1298	 671	 1
253	 672	 -1
1288	 672	 1
253	 673	 -1
1296	 673	 1
254	 674	 -1
1378	 674	 1
254	 675	 -1
255	 675	 1
254	 676	 -1
280	 676	 1
254	 677	 -1
279	 677	 1
254	 678	 -1
1379	 678	 1
255	 679	 -1
256	 679	 1
255	 680	 -1
281	 680	 1
256	 681	 -1
282	 681	 1
256	 682	 -1
257	 682	 1
257	 683	 -1
283	 683	 1
257	 684	 -1
1003	 684	 1
258	 685	 -1
1098	 685	 1
258	 686	 -1
1004	 686	 1
258	 687	 -1
284	 687	 1
258	 688	 -1
285	 688	 1
258	 689	 -1
1099	 689	 1
259	 690	 -1
1103	 690	 1
259	 691	 -1
1064	 691	 1
259	 692	 -1
1062	 692	 1
259	 693	 -1
1060	 693	 1
259	 694	 -1
285	 694	 1
259	 695	 -1
1099	 695	 1
259	 696	 -1
1101	 696	 1
260	 697	 -1
1067	 697	 1
260	 698	 -1
1065	 698	 1
260	 699	 -1
286	 699	 1
260	 700	 -1
261	 700	 1
261	 701	 -1
287	 701	 1
261	 702	 -1
262	 702	 1
262	 703	 -1
288	 703	 1
262	 704	 -1
263	 704	 1
263	 705	 -1
264	 705	 1
263	 706	 -1
289	 706	 1
264	 707	 -1
265	 707	 1
264	 708	 -1
290	 708	 1
265	 709	 -1
1158	 709	 1
265	 710	 -1
291	 710	 1
265	 711	 -1
1160	 711	 1
266	 712	 -1
1163	 712	 1
266	 713	 -1
267	 713	 1
266	 714	 -1
293	 714	 1
266	 715	 -1
292	 715	 1
266	 716	 -1
1161	 716	 1
267	 717	 -1
294	 717	 1
267	 718	 -1
268	 718	 1
268	 719	 -1
295	 719	 1
268	 720	 -1
269	 720	 1
269	 721	 -1
296	 721	 1
269	 722	 -1
270	 722	 1
270	 723	 -1
271	 723	 1
270	 724	 -1
297	 724	 1
271	 725	 -1
272	 725	 1
271	 726	 -1
298	 726	 1
272	 727	 -1
299	 727	 1
272	 728	 -1
273	 728	 1
273	 729	 -1
274	 729	 1
273	 730	 -1
300	 730	 1
274	 731	 -1
275	 731	 1
274	 732	 -1
301	 732	 1
275	 733	 -1
302	 733	 1
275	 734	 -1
276	 734	 1
276	 735	 -1
277	 735	 1
276	 736	 -1
303	 736	 1
277	 737	 -1
1350	 737	 1
277	 738	 -1
303	 738	 1
277	 739	 -1
278	 739	 1
277	 740	 -1
1352	 740	 1
278	 741	 -1
1356	 741	 1
278	 742	 -1
1352	 742	 1
278	 743	 -1
1354	 743	 1
279	 744	 -1
280	 744	 1
279	 745	 -1
305	 745	 1
279	 746	 -1
304	 746	 1
279	 747	 -1
1375	 747	 1
279	 748	 -1
1377	 748	 1
279	 749	 -1
1379	 749	 1
280	 750	 -1
306	 750	 1
280	 751	 -1
281	 751	 1
281	 752	 -1
282	 752	 1
281	 753	 -1
307	 753	 1
282	 754	 -1
308	 754	 1
282	 755	 -1
283	 755	 1
283	 756	 -1
1005	 756	 1
283	 757	 -1
309	 757	 1
284	 758	 -1
285	 758	 1
284	 759	 -1
310	 759	 1
284	 760	 -1
1006	 760	 1
285	 761	 -1
1060	 761	 1
285	 762	 -1
311	 762	 1
285	 763	 -1
1099	 763	 1
286	 764	 -1
287	 764	 1
286	 765	 -1
1065	 765	 1
286	 766	 -1
1063	 766	 1
286	 767	 -1
312	 767	 1
286	 768	 -1
313	 768	 1
287	 769	 -1
288	 769	 1
287	 770	 -1
314	 770	 1
288	 771	 -1
315	 771	 1
288	 772	 -1
289	 772	 1
289	 773	 -1
290	 773	 1
289	 774	 -1
316	 774	 1
290	 775	 -1
291	 775	 1
290	 776	 -1
317	 776	 1
291	 777	 -1
1156	 777	 1
291	 778	 -1
1158	 778	 1
291	 779	 -1
317	 779	 1
292	 780	 -1
1159	 780	 1
292	 781	 -1
318	 781	 1
292	 782	 -1
293	 782	 1
292	 783	 -1
1161	 783	 1
293	 784	 -1
319	 784	 1
293	 785	 -1
294	 785	 1
294	 786	 -1
320	 786	 1
294	 787	 -1
295	 787	 1
295	 788	 -1
321	 788	 1
295	 789	 -1
296	 789	 1
296	 790	 -1
322	 790	 1
296	 791	 -1
297	 791	 1
297	 792	 -1
323	 792	 1
297	 793	 -1
298	 793	 1
298	 794	 -1
299	 794	 1
298	 795	 -1
324	 795	 1
299	 796	 -1
300	 796	 1
299	 797	 -1
325	 797	 1
300	 798	 -1
326	 798	 1
300	 799	 -1
301	 799	 1
301	 800	 -1
302	 800	 1
301	 801	 -1
327	 801	 1
302	 802	 -1
1346	 802	 1
302	 803	 -1
327	 803	 1
302	 804	 -1
303	 804	 1
302	 805	 -1
1348	 805	 1
303	 806	 -1
1350	 806	 1
303	 807	 -1
1348	 807	 1
304	 808	 -1
1365	 808	 1
304	 809	 -1
1373	 809	 1
304	 810	 -1
1367	 810	 1
304	 811	 -1
1359	 811	 1
304	 812	 -1
1295	 812	 1
304	 813	 -1
1287	 813	 1
304	 814	 -1
1375	 814	 1
304	 815	 -1
305	 815	 1
304	 816	 -1
330	 816	 1
304	 817	 -1
1281	 817	 1
304	 818	 -1
1285	 818	 1
304	 819	 -1
1293	 819	 1
305	 820	 -1
306	 820	 1
305	 821	 -1
331	 821	 1
306	 822	 -1
307	 822	 1
306	 823	 -1
332	 823	 1
307	 824	 -1
333	 824	 1
307	 825	 -1
308	 825	 1
308	 826	 -1
309	 826	 1
308	 827	 -1
334	 827	 1
309	 828	 -1
335	 828	 1
309	 829	 -1
1007	 829	 1
310	 830	 -1
1008	 830	 1
310	 831	 -1
311	 831	 1
310	 832	 -1
336	 832	 1
311	 833	 -1
337	 833	 1
311	 834	 -1
1058	 834	 1
311	 835	 -1
1060	 835	 1
312	 836	 -1
1063	 836	 1
312	 837	 -1
313	 837	 1
312	 838	 -1
338	 838	 1
312	 839	 -1
1059	 839	 1
312	 840	 -1
1061	 840	 1
313	 841	 -1
339	 841	 1
313	 842	 -1
314	 842	 1
314	 843	 -1
315	 843	 1
314	 844	 -1
340	 844	 1
315	 845	 -1
341	 845	 1
315	 846	 -1
316	 846	 1
316	 847	 -1
342	 847	 1
316	 848	 -1
317	 848	 1
317	 849	 -1
343	 849	 1
317	 850	 -1
1154	 850	 1
317	 851	 -1
1156	 851	 1
318	 852	 -1
1157	 852	 1
318	 853	 -1
344	 853	 1
318	 854	 -1
345	 854	 1
318	 855	 -1
319	 855	 1
318	 856	 -1
1159	 856	 1
319	 857	 -1
320	 857	 1
319	 858	 -1
346	 858	 1
320	 859	 -1
347	 859	 1
320	 860	 -1
321	 860	 1
321	 861	 -1
322	 861	 1
321	 862	 -1
348	 862	 1
322	 863	 -1
349	 863	 1
322	 864	 -1
323	 864	 1
323	 865	 -1
350	 865	 1
323	 866	 -1
324	 866	 1
324	 867	 -1
351	 867	 1
324	 868	 -1
325	 868	 1
325	 869	 -1
326	 869	 1
325	 870	 -1
352	 870	 1
326	 871	 -1
352	 871	 1
326	 872	 -1
327	 872	 1
326	 873	 -1
1342	 873	 1
326	 874	 -1
1340	 874	 1
327	 875	 -1
1346	 875	 1
327	 876	 -1
1344	 876	 1
327	 877	 -1
1342	 877	 1
328	 878	 -1
329	 878	 1
328	 879	 -1
356	 879	 1
328	 880	 -1
355	 880	 1
328	 881	 -1
1351	 881	 1
328	 882	 -1
1353	 882	 1
328	 883	 -1
1355	 883	 1
329	 884	 -1
356	 884	 1
329	 885	 -1
1276	 885	 1
329	 886	 -1
1278	 886	 1
329	 887	 -1
1280	 887	 1
329	 888	 -1
1355	 888	 1
330	 889	 -1
1279	 889	 1
330	 890	 -1
357	 890	 1
330	 891	 -1
331	 891	 1
330	 892	 -1
1281	 892	 1
331	 893	 -1
358	 893	 1
331	 894	 -1
332	 894	 1
332	 895	 -1
359	 895	 1
332	 896	 -1
333	 896	 1
333	 897	 -1
360	 897	 1
333	 898	 -1
334	 898	 1
334	 899	 -1
335	 899	 1
334	 900	 -1
361	 900	 1
335	 901	 -1
1009	 901	 1
335	 902	 -1
362	 902	 1
336	 903	 -1
363	 903	 1
336	 904	 -1
337	 904	 1
336	 905	 -1
1010	 905	 1
337	 906	 -1
1056	 906	 1
337	 907	 -1
1058	 907	 1
337	 908	 -1
363	 908	 1
337	 909	 -1
1054	 909	 1
338	 910	 -1
364	 910	 1
338	 911	 -1
1057	 911	 1
338	 912	 -1
1059	 912	 1
338	 913	 -1
339	 913	 1
338	 914	 -1
365	 914	 1
339	 915	 -1
366	 915	 1
339	 916	 -1
340	 916	 1
340	 917	 -1
341	 917	 1
340	 918	 -1
367	 918	 1
341	 919	 -1
368	 919	 1
341	 920	 -1
342	 920	 1
342	 921	 -1
343	 921	 1
342	 922	 -1
369	 922	 1
343	 923	 -1
1154	 923	 1
343	 924	 -1
1152	 924	 1
343	 925	 -1
369	 925	 1
344	 926	 -1
370	 926	 1
344	 927	 -1
345	 927	 1
344	 928	 -1
1157	 928	 1
344	 929	 -1
1155	 929	 1
345	 930	 -1
371	 930	 1
345	 931	 -1
346	 931	 1
346	 932	 -1
372	 932	 1
346	 933	 -1
347	 933	 1
347	 934	 -1
373	 934	 1
347	 935	 -1
348	 935	 1
348	 936	 -1
374	 936	 1
348	 937	 -1
349	 937	 1
349	 938	 -1
375	 938	 1
349	 939	 -1
350	 939	 1
350	 940	 -1
376	 940	 1
350	 941	 -1
351	 941	 1
351	 942	 -1
352	 942	 1
351	 943	 -1
377	 943	 1
352	 944	 -1
378	 944	 1
352	 945	 -1
379	 945	 1
352	 946	 -1
1341	 946	 1
352	 947	 -1
1340	 947	 1
353	 948	 -1
381	 948	 1
353	 949	 -1
380	 949	 1
353	 950	 -1
1345	 950	 1
353	 951	 -1
1347	 951	 1
353	 952	 -1
354	 952	 1
354	 953	 -1
1347	 953	 1
354	 954	 -1
1349	 954	 1
354	 955	 -1
355	 955	 1
354	 956	 -1
382	 956	 1
355	 957	 -1
356	 957	 1
355	 958	 -1
383	 958	 1
355	 959	 -1
1349	 959	 1
355	 960	 -1
1351	 960	 1
356	 961	 -1
1274	 961	 1
356	 962	 -1
384	 962	 1
356	 963	 -1
1276	 963	 1
357	 964	 -1
1277	 964	 1
357	 965	 -1
385	 965	 1
357	 966	 -1
386	 966	 1
357	 967	 -1
358	 967	 1
357	 968	 -1
1279	 968	 1
358	 969	 -1
387	 969	 1
358	 970	 -1
359	 970	 1
359	 971	 -1
388	 971	 1
359	 972	 -1
360	 972	 1
360	 973	 -1
361	 973	 1
360	 974	 -1
389	 974	 1
361	 975	 -1
362	 975	 1
361	 976	 -1
390	 976	 1
362	 977	 -1
391	 977	 1
362	 978	 -1
1011	 978	 1
363	 979	 -1
1052	 979	 1
363	 980	 -1
392	 980	 1
363	 981	 -1
1012	 981	 1
363	 982	 -1
1054	 982	 1
364	 983	 -1
1057	 983	 1
364	 984	 -1
1055	 984	 1
364	 985	 -1
1053	 985	 1
364	 986	 -1
394	 986	 1
364	 987	 -1
365	 987	 1
365	 988	 -1
366	 988	 1
365	 989	 -1
395	 989	 1
366	 990	 -1
396	 990	 1
366	 991	 -1
367	 991	 1
367	 992	 -1
397	 992	 1
367	 993	 -1
368	 993	 1
368	 994	 -1
369	 994	 1
368	 995	 -1
398	 995	 1
369	 996	 -1
399	 996	 1
369	 997	 -1
1150	 997	 1
369	 998	 -1
1152	 998	 1
370	 999	 -1
1153	 999	 1
370	 1000	 -1
400	 1000	 1
370	 1001	 -1
401	 1001	 1
370	 1002	 -1
371	 1002	 1
370	 1003	 -1
1155	 1003	 1
371	 1004	 -1
372	 1004	 1
371	 1005	 -1
402	 1005	 1
372	 1006	 -1
403	 1006	 1
372	 1007	 -1
373	 1007	 1
373	 1008	 -1
404	 1008	 1
373	 1009	 -1
374	 1009	 1
374	 1010	 -1
405	 1010	 1
374	 1011	 -1
375	 1011	 1
375	 1012	 -1
376	 1012	 1
375	 1013	 -1
406	 1013	 1
376	 1014	 -1
377	 1014	 1
376	 1015	 -1
407	 1015	 1
377	 1016	 -1
378	 1016	 1
377	 1017	 -1
408	 1017	 1
378	 1018	 -1
379	 1018	 1
378	 1019	 -1
409	 1019	 1
379	 1020	 -1
1341	 1020	 1
379	 1021	 -1
380	 1021	 1
379	 1022	 -1
410	 1022	 1
380	 1023	 -1
1345	 1023	 1
380	 1024	 -1
1343	 1024	 1
380	 1025	 -1
1341	 1025	 1
380	 1026	 -1
411	 1026	 1
380	 1027	 -1
381	 1027	 1
381	 1028	 -1
412	 1028	 1
381	 1029	 -1
382	 1029	 1
382	 1030	 -1
383	 1030	 1
382	 1031	 -1
413	 1031	 1
383	 1032	 -1
384	 1032	 1
383	 1033	 -1
414	 1033	 1
384	 1034	 -1
1272	 1034	 1
384	 1035	 -1
1274	 1035	 1
384	 1036	 -1
415	 1036	 1
385	 1037	 -1
1275	 1037	 1
385	 1038	 -1
416	 1038	 1
385	 1039	 -1
386	 1039	 1
385	 1040	 -1
1277	 1040	 1
386	 1041	 -1
387	 1041	 1
386	 1042	 -1
417	 1042	 1
387	 1043	 -1
388	 1043	 1
387	 1044	 -1
418	 1044	 1
388	 1045	 -1
389	 1045	 1
388	 1046	 -1
419	 1046	 1
389	 1047	 -1
390	 1047	 1
389	 1048	 -1
420	 1048	 1
390	 1049	 -1
421	 1049	 1
390	 1050	 -1
391	 1050	 1
391	 1051	 -1
1013	 1051	 1
391	 1052	 -1
422	 1052	 1
392	 1053	 -1
393	 1053	 1
392	 1054	 -1
423	 1054	 1
392	 1055	 -1
1014	 1055	 1
392	 1056	 -1
1052	 1056	 1
393	 1057	 -1
1053	 1057	 1
393	 1058	 -1
394	 1058	 1
393	 1059	 -1
424	 1059	 1
393	 1060	 -1
1052	 1060	 1
394	 1061	 -1
425	 1061	 1
394	 1062	 -1
395	 1062	 1
394	 1063	 -1
1053	 1063	 1
395	 1064	 -1
426	 1064	 1
395	 1065	 -1
396	 1065	 1
396	 1066	 -1
397	 1066	 1
396	 1067	 -1
427	 1067	 1
397	 1068	 -1
398	 1068	 1
397	 1069	 -1
428	 1069	 1
398	 1070	 -1
429	 1070	 1
398	 1071	 -1
399	 1071	 1
399	 1072	 -1
429	 1072	 1
399	 1073	 -1
1148	 1073	 1
399	 1074	 -1
1150	 1074	 1
400	 1075	 -1
1153	 1075	 1
400	 1076	 -1
1151	 1076	 1
400	 1077	 -1
1149	 1077	 1
400	 1078	 -1
430	 1078	 1
400	 1079	 -1
401	 1079	 1
401	 1080	 -1
431	 1080	 1
401	 1081	 -1
402	 1081	 1
402	 1082	 -1
432	 1082	 1
402	 1083	 -1
403	 1083	 1
403	 1084	 -1
433	 1084	 1
403	 1085	 -1
404	 1085	 1
404	 1086	 -1
434	 1086	 1
404	 1087	 -1
405	 1087	 1
405	 1088	 -1
406	 1088	 1
405	 1089	 -1
435	 1089	 1
406	 1090	 -1
407	 1090	 1
406	 1091	 -1
436	 1091	 1
407	 1092	 -1
408	 1092	 1
407	 1093	 -1
437	 1093	 1
408	 1094	 -1
438	 1094	 1
408	 1095	 -1
409	 1095	 1
409	 1096	 -1
410	 1096	 1
409	 1097	 -1
439	 1097	 1
410	 1098	 -1
440	 1098	 1
410	 1099	 -1
411	 1099	 1
411	 1100	 -1
412	 1100	 1
411	 1101	 -1
441	 1101	 1
412	 1102	 -1
442	 1102	 1
412	 1103	 -1
413	 1103	 1
413	 1104	 -1
414	 1104	 1
413	 1105	 -1
443	 1105	 1
414	 1106	 -1
444	 1106	 1
414	 1107	 -1
415	 1107	 1
415	 1108	 -1
1272	 1108	 1
415	 1109	 -1
1270	 1109	 1
415	 1110	 -1
444	 1110	 1
416	 1111	 -1
445	 1111	 1
416	 1112	 -1
417	 1112	 1
416	 1113	 -1
1275	 1113	 1
416	 1114	 -1
1273	 1114	 1
417	 1115	 -1
418	 1115	 1
417	 1116	 -1
446	 1116	 1
418	 1117	 -1
419	 1117	 1
418	 1118	 -1
447	 1118	 1
419	 1119	 -1
420	 1119	 1
419	 1120	 -1
448	 1120	 1
420	 1121	 -1
421	 1121	 1
420	 1122	 -1
449	 1122	 1
421	 1123	 -1
422	 1123	 1
421	 1124	 -1
450	 1124	 1
422	 1125	 -1
1015	 1125	 1
422	 1126	 -1
451	 1126	 1
423	 1127	 -1
1016	 1127	 1
423	 1128	 -1
452	 1128	 1
423	 1129	 -1
424	 1129	 1
424	 1130	 -1
453	 1130	 1
424	 1131	 -1
425	 1131	 1
425	 1132	 -1
454	 1132	 1
425	 1133	 -1
426	 1133	 1
426	 1134	 -1
455	 1134	 1
426	 1135	 -1
427	 1135	 1
427	 1136	 -1
456	 1136	 1
427	 1137	 -1
428	 1137	 1
428	 1138	 -1
429	 1138	 1
428	 1139	 -1
457	 1139	 1
429	 1140	 -1
1148	 1140	 1
429	 1141	 -1
1146	 1141	 1
429	 1142	 -1
458	 1142	 1
430	 1143	 -1
431	 1143	 1
430	 1144	 -1
460	 1144	 1
430	 1145	 -1
459	 1145	 1
430	 1146	 -1
1149	 1146	 1
431	 1147	 -1
461	 1147	 1
431	 1148	 -1
432	 1148	 1
432	 1149	 -1
433	 1149	 1
432	 1150	 -1
462	 1150	 1
433	 1151	 -1
434	 1151	 1
433	 1152	 -1
462	 1152	 1
433	 1153	 -1
1226	 1153	 1
433	 1154	 -1
1228	 1154	 1
434	 1155	 -1
1228	 1155	 1
434	 1156	 -1
435	 1156	 1
434	 1157	 -1
463	 1157	 1
434	 1158	 -1
1229	 1158	 1
435	 1159	 -1
436	 1159	 1
435	 1160	 -1
463	 1160	 1
436	 1161	 -1
437	 1161	 1
436	 1162	 -1
464	 1162	 1
437	 1163	 -1
465	 1163	 1
437	 1164	 -1
438	 1164	 1
438	 1165	 -1
466	 1165	 1
438	 1166	 -1
439	 1166	 1
439	 1167	 -1
440	 1167	 1
439	 1168	 -1
467	 1168	 1
440	 1169	 -1
468	 1169	 1
440	 1170	 -1
441	 1170	 1
441	 1171	 -1
469	 1171	 1
441	 1172	 -1
442	 1172	 1
442	 1173	 -1
443	 1173	 1
442	 1174	 -1
470	 1174	 1
443	 1175	 -1
471	 1175	 1
443	 1176	 -1
444	 1176	 1
444	 1177	 -1
472	 1177	 1
444	 1178	 -1
1268	 1178	 1
444	 1179	 -1
1270	 1179	 1
445	 1180	 -1
473	 1180	 1
445	 1181	 -1
1271	 1181	 1
445	 1182	 -1
1273	 1182	 1
445	 1183	 -1
446	 1183	 1
445	 1184	 -1
474	 1184	 1
446	 1185	 -1
447	 1185	 1
446	 1186	 -1
475	 1186	 1
447	 1187	 -1
448	 1187	 1
447	 1188	 -1
476	 1188	 1
448	 1189	 -1
449	 1189	 1
448	 1190	 -1
477	 1190	 1
449	 1191	 -1
450	 1191	 1
449	 1192	 -1
478	 1192	 1
450	 1193	 -1
479	 1193	 1
450	 1194	 -1
451	 1194	 1
451	 1195	 -1
480	 1195	 1
451	 1196	 -1
1017	 1196	 1
452	 1197	 -1
453	 1197	 1
452	 1198	 -1
481	 1198	 1
452	 1199	 -1
1018	 1199	 1
453	 1200	 -1
482	 1200	 1
453	 1201	 -1
454	 1201	 1
454	 1202	 -1
455	 1202	 1
454	 1203	 -1
483	 1203	 1
455	 1204	 -1
456	 1204	 1
455	 1205	 -1
484	 1205	 1
456	 1206	 -1
457	 1206	 1
456	 1207	 -1
485	 1207	 1
457	 1208	 -1
458	 1208	 1
457	 1209	 -1
486	 1209	 1
458	 1210	 -1
1142	 1210	 1
458	 1211	 -1
486	 1211	 1
458	 1212	 -1
1146	 1212	 1
458	 1213	 -1
1144	 1213	 1
459	 1214	 -1
1145	 1214	 1
459	 1215	 -1
487	 1215	 1
459	 1216	 -1
460	 1216	 1
459	 1217	 -1
1149	 1217	 1
459	 1218	 -1
1147	 1218	 1
460	 1219	 -1
461	 1219	 1
460	 1220	 -1
488	 1220	 1
461	 1221	 -1
489	 1221	 1
461	 1222	 -1
462	 1222	 1
462	 1223	 -1
1226	 1223	 1
462	 1224	 -1
490	 1224	 1
462	 1225	 -1
1224	 1225	 1
463	 1226	 -1
491	 1226	 1
463	 1227	 -1
492	 1227	 1
463	 1228	 -1
464	 1228	 1
463	 1229	 -1
1229	 1229	 1
464	 1230	 -1
465	 1230	 1
464	 1231	 -1
493	 1231	 1
465	 1232	 -1
494	 1232	 1
465	 1233	 -1
466	 1233	 1
466	 1234	 -1
467	 1234	 1
466	 1235	 -1
495	 1235	 1
467	 1236	 -1
468	 1236	 1
467	 1237	 -1
496	 1237	 1
468	 1238	 -1
469	 1238	 1
468	 1239	 -1
497	 1239	 1
469	 1240	 -1
470	 1240	 1
469	 1241	 -1
498	 1241	 1
470	 1242	 -1
471	 1242	 1
470	 1243	 -1
499	 1243	 1
471	 1244	 -1
500	 1244	 1
471	 1245	 -1
472	 1245	 1
472	 1246	 -1
501	 1246	 1
472	 1247	 -1
1268	 1247	 1
473	 1248	 -1
1271	 1248	 1
473	 1249	 -1
1269	 1249	 1
473	 1250	 -1
502	 1250	 1
473	 1251	 -1
474	 1251	 1
474	 1252	 -1
475	 1252	 1
474	 1253	 -1
503	 1253	 1
475	 1254	 -1
476	 1254	 1
475	 1255	 -1
504	 1255	 1
476	 1256	 -1
505	 1256	 1
476	 1257	 -1
477	 1257	 1
477	 1258	 -1
478	 1258	 1
477	 1259	 -1
506	 1259	 1
478	 1260	 -1
479	 1260	 1
478	 1261	 -1
507	 1261	 1
479	 1262	 -1
480	 1262	 1
479	 1263	 -1
508	 1263	 1
480	 1264	 -1
1019	 1264	 1
480	 1265	 -1
509	 1265	 1
481	 1266	 -1
482	 1266	 1
481	 1267	 -1
1020	 1267	 1
481	 1268	 -1
510	 1268	 1
482	 1269	 -1
511	 1269	 1
482	 1270	 -1
483	 1270	 1
483	 1271	 -1
512	 1271	 1
483	 1272	 -1
484	 1272	 1
484	 1273	 -1
513	 1273	 1
484	 1274	 -1
485	 1274	 1
485	 1275	 -1
486	 1275	 1
485	 1276	 -1
514	 1276	 1
486	 1277	 -1
514	 1277	 1
486	 1278	 -1
1140	 1278	 1
486	 1279	 -1
1142	 1279	 1
487	 1280	 -1
515	 1280	 1
487	 1281	 -1
1145	 1281	 1
487	 1282	 -1
488	 1282	 1
487	 1283	 -1
516	 1283	 1
488	 1284	 -1
489	 1284	 1
488	 1285	 -1
517	 1285	 1
489	 1286	 -1
490	 1286	 1
489	 1287	 -1
518	 1287	 1
490	 1288	 -1
518	 1288	 1
490	 1289	 -1
1222	 1289	 1
490	 1290	 -1
1224	 1290	 1
491	 1291	 -1
1227	 1291	 1
491	 1292	 -1
1225	 1292	 1
491	 1293	 -1
519	 1293	 1
491	 1294	 -1
492	 1294	 1
491	 1295	 -1
1229	 1295	 1
492	 1296	 -1
493	 1296	 1
492	 1297	 -1
520	 1297	 1
493	 1298	 -1
494	 1298	 1
493	 1299	 -1
521	 1299	 1
494	 1300	 -1
495	 1300	 1
494	 1301	 -1
522	 1301	 1
495	 1302	 -1
496	 1302	 1
495	 1303	 -1
523	 1303	 1
496	 1304	 -1
497	 1304	 1
496	 1305	 -1
524	 1305	 1
497	 1306	 -1
525	 1306	 1
497	 1307	 -1
498	 1307	 1
498	 1308	 -1
526	 1308	 1
498	 1309	 -1
499	 1309	 1
499	 1310	 -1
527	 1310	 1
499	 1311	 -1
500	 1311	 1
500	 1312	 -1
528	 1312	 1
500	 1313	 -1
501	 1313	 1
501	 1314	 -1
528	 1314	 1
501	 1315	 -1
1264	 1315	 1
501	 1316	 -1
1266	 1316	 1
501	 1317	 -1
1268	 1317	 1
502	 1318	 -1
1267	 1318	 1
502	 1319	 -1
1269	 1319	 1
502	 1320	 -1
503	 1320	 1
502	 1321	 -1
529	 1321	 1
503	 1322	 -1
530	 1322	 1
503	 1323	 -1
504	 1323	 1
504	 1324	 -1
505	 1324	 1
504	 1325	 -1
531	 1325	 1
505	 1326	 -1
506	 1326	 1
505	 1327	 -1
532	 1327	 1
506	 1328	 -1
533	 1328	 1
506	 1329	 -1
507	 1329	 1
507	 1330	 -1
508	 1330	 1
507	 1331	 -1
534	 1331	 1
508	 1332	 -1
535	 1332	 1
508	 1333	 -1
509	 1333	 1
509	 1334	 -1
1021	 1334	 1
509	 1335	 -1
536	 1335	 1
510	 1336	 -1
511	 1336	 1
510	 1337	 -1
537	 1337	 1
510	 1338	 -1
1022	 1338	 1
511	 1339	 -1
538	 1339	 1
511	 1340	 -1
512	 1340	 1
512	 1341	 -1
539	 1341	 1
512	 1342	 -1
513	 1342	 1
513	 1343	 -1
514	 1343	 1
513	 1344	 -1
540	 1344	 1
514	 1345	 -1
1140	 1345	 1
514	 1346	 -1
541	 1346	 1
515	 1347	 -1
516	 1347	 1
515	 1348	 -1
543	 1348	 1
515	 1349	 -1
542	 1349	 1
515	 1350	 -1
1141	 1350	 1
515	 1351	 -1
1143	 1351	 1
515	 1352	 -1
1145	 1352	 1
516	 1353	 -1
517	 1353	 1
516	 1354	 -1
544	 1354	 1
517	 1355	 -1
518	 1355	 1
517	 1356	 -1
545	 1356	 1
518	 1357	 -1
1220	 1357	 1
518	 1358	 -1
546	 1358	 1
518	 1359	 -1
1222	 1359	 1
519	 1360	 -1
1223	 1360	 1
519	 1361	 -1
547	 1361	 1
519	 1362	 -1
548	 1362	 1
519	 1363	 -1
520	 1363	 1
519	 1364	 -1
1225	 1364	 1
520	 1365	 -1
549	 1365	 1
520	 1366	 -1
521	 1366	 1
521	 1367	 -1
522	 1367	 1
521	 1368	 -1
550	 1368	 1
522	 1369	 -1
523	 1369	 1
522	 1370	 -1
551	 1370	 1
523	 1371	 -1
552	 1371	 1
523	 1372	 -1
524	 1372	 1
524	 1373	 -1
525	 1373	 1
524	 1374	 -1
553	 1374	 1
525	 1375	 -1
554	 1375	 1
525	 1376	 -1
526	 1376	 1
526	 1377	 -1
555	 1377	 1
526	 1378	 -1
527	 1378	 1
527	 1379	 -1
556	 1379	 1
527	 1380	 -1
528	 1380	 1
528	 1381	 -1
1264	 1381	 1
528	 1382	 -1
557	 1382	 1
529	 1383	 -1
1267	 1383	 1
529	 1384	 -1
1265	 1384	 1
529	 1385	 -1
558	 1385	 1
529	 1386	 -1
559	 1386	 1
529	 1387	 -1
530	 1387	 1
530	 1388	 -1
560	 1388	 1
530	 1389	 -1
531	 1389	 1
531	 1390	 -1
532	 1390	 1
531	 1391	 -1
561	 1391	 1
532	 1392	 -1
562	 1392	 1
532	 1393	 -1
533	 1393	 1
533	 1394	 -1
534	 1394	 1
533	 1395	 -1
563	 1395	 1
534	 1396	 -1
564	 1396	 1
534	 1397	 -1
535	 1397	 1
535	 1398	 -1
536	 1398	 1
535	 1399	 -1
565	 1399	 1
536	 1400	 -1
566	 1400	 1
536	 1401	 -1
1023	 1401	 1
537	 1402	 -1
538	 1402	 1
537	 1403	 -1
567	 1403	 1
537	 1404	 -1
1024	 1404	 1
538	 1405	 -1
568	 1405	 1
538	 1406	 -1
539	 1406	 1
539	 1407	 -1
540	 1407	 1
539	 1408	 -1
569	 1408	 1
540	 1409	 -1
541	 1409	 1
540	 1410	 -1
570	 1410	 1
541	 1411	 -1
1136	 1411	 1
541	 1412	 -1
570	 1412	 1
541	 1413	 -1
1140	 1413	 1
541	 1414	 -1
1138	 1414	 1
542	 1415	 -1
1141	 1415	 1
542	 1416	 -1
543	 1416	 1
542	 1417	 -1
571	 1417	 1
542	 1418	 -1
1139	 1418	 1
543	 1419	 -1
572	 1419	 1
543	 1420	 -1
544	 1420	 1
544	 1421	 -1
573	 1421	 1
544	 1422	 -1
545	 1422	 1
545	 1423	 -1
546	 1423	 1
545	 1424	 -1
574	 1424	 1
546	 1425	 -1
1218	 1425	 1
546	 1426	 -1
574	 1426	 1
546	 1427	 -1
1220	 1427	 1
547	 1428	 -1
548	 1428	 1
547	 1429	 -1
575	 1429	 1
547	 1430	 -1
1219	 1430	 1
547	 1431	 -1
1221	 1431	 1
547	 1432	 -1
1223	 1432	 1
548	 1433	 -1
576	 1433	 1
548	 1434	 -1
549	 1434	 1
549	 1435	 -1
577	 1435	 1
549	 1436	 -1
550	 1436	 1
550	 1437	 -1
578	 1437	 1
550	 1438	 -1
551	 1438	 1
551	 1439	 -1
579	 1439	 1
551	 1440	 -1
552	 1440	 1
552	 1441	 -1
553	 1441	 1
552	 1442	 -1
580	 1442	 1
553	 1443	 -1
581	 1443	 1
553	 1444	 -1
554	 1444	 1
554	 1445	 -1
555	 1445	 1
554	 1446	 -1
582	 1446	 1
555	 1447	 -1
583	 1447	 1
555	 1448	 -1
556	 1448	 1
556	 1449	 -1
557	 1449	 1
556	 1450	 -1
584	 1450	 1
557	 1451	 -1
1264	 1451	 1
557	 1452	 -1
585	 1452	 1
557	 1453	 -1
1262	 1453	 1
558	 1454	 -1
1265	 1454	 1
558	 1455	 -1
1263	 1455	 1
558	 1456	 -1
586	 1456	 1
558	 1457	 -1
559	 1457	 1
559	 1458	 -1
560	 1458	 1
559	 1459	 -1
587	 1459	 1
560	 1460	 -1
588	 1460	 1
560	 1461	 -1
561	 1461	 1
561	 1462	 -1
562	 1462	 1
561	 1463	 -1
589	 1463	 1
562	 1464	 -1
563	 1464	 1
562	 1465	 -1
590	 1465	 1
563	 1466	 -1
591	 1466	 1
563	 1467	 -1
564	 1467	 1
564	 1468	 -1
592	 1468	 1
564	 1469	 -1
565	 1469	 1
565	 1470	 -1
566	 1470	 1
565	 1471	 -1
593	 1471	 1
566	 1472	 -1
594	 1472	 1
566	 1473	 -1
1025	 1473	 1
567	 1474	 -1
595	 1474	 1
567	 1475	 -1
568	 1475	 1
567	 1476	 -1
1026	 1476	 1
568	 1477	 -1
596	 1477	 1
568	 1478	 -1
569	 1478	 1
569	 1479	 -1
570	 1479	 1
569	 1480	 -1
597	 1480	 1
570	 1481	 -1
598	 1481	 1
570	 1482	 -1
1136	 1482	 1
570	 1483	 -1
1134	 1483	 1
570	 1484	 -1
599	 1484	 1
571	 1485	 -1
601	 1485	 1
571	 1486	 -1
572	 1486	 1
571	 1487	 -1
1139	 1487	 1
571	 1488	 -1
1137	 1488	 1
571	 1489	 -1
600	 1489	 1
572	 1490	 -1
573	 1490	 1
572	 1491	 -1
602	 1491	 1
573	 1492	 -1
574	 1492	 1
573	 1493	 -1
603	 1493	 1
574	 1494	 -1
1216	 1494	 1
574	 1495	 -1
1214	 1495	 1
574	 1496	 -1
603	 1496	 1
574	 1497	 -1
1218	 1497	 1
575	 1498	 -1
576	 1498	 1
575	 1499	 -1
1219	 1499	 1
575	 1500	 -1
604	 1500	 1
575	 1501	 -1
605	 1501	 1
576	 1502	 -1
577	 1502	 1
576	 1503	 -1
606	 1503	 1
577	 1504	 -1
607	 1504	 1
577	 1505	 -1
578	 1505	 1
578	 1506	 -1
579	 1506	 1
578	 1507	 -1
608	 1507	 1
579	 1508	 -1
609	 1508	 1
579	 1509	 -1
580	 1509	 1
580	 1510	 -1
581	 1510	 1
580	 1511	 -1
610	 1511	 1
581	 1512	 -1
582	 1512	 1
581	 1513	 -1
611	 1513	 1
582	 1514	 -1
612	 1514	 1
582	 1515	 -1
583	 1515	 1
583	 1516	 -1
613	 1516	 1
583	 1517	 -1
584	 1517	 1
584	 1518	 -1
585	 1518	 1
584	 1519	 -1
614	 1519	 1
585	 1520	 -1
615	 1520	 1
585	 1521	 -1
1262	 1521	 1
585	 1522	 -1
1260	 1522	 1
586	 1523	 -1
587	 1523	 1
586	 1524	 -1
616	 1524	 1
586	 1525	 -1
1261	 1525	 1
586	 1526	 -1
1263	 1526	 1
587	 1527	 -1
617	 1527	 1
587	 1528	 -1
588	 1528	 1
588	 1529	 -1
618	 1529	 1
588	 1530	 -1
589	 1530	 1
589	 1531	 -1
619	 1531	 1
589	 1532	 -1
590	 1532	 1
590	 1533	 -1
591	 1533	 1
590	 1534	 -1
620	 1534	 1
591	 1535	 -1
621	 1535	 1
591	 1536	 -1
592	 1536	 1
592	 1537	 -1
622	 1537	 1
592	 1538	 -1
593	 1538	 1
593	 1539	 -1
623	 1539	 1
593	 1540	 -1
594	 1540	 1
594	 1541	 -1
1027	 1541	 1
594	 1542	 -1
624	 1542	 1
595	 1543	 -1
596	 1543	 1
595	 1544	 -1
625	 1544	 1
595	 1545	 -1
1028	 1545	 1
596	 1546	 -1
597	 1546	 1
596	 1547	 -1
626	 1547	 1
597	 1548	 -1
598	 1548	 1
597	 1549	 -1
627	 1549	 1
598	 1550	 -1
628	 1550	 1
598	 1551	 -1
599	 1551	 1
599	 1552	 -1
600	 1552	 1
599	 1553	 -1
629	 1553	 1
599	 1554	 -1
1134	 1554	 1
599	 1555	 -1
1135	 1555	 1
600	 1556	 -1
630	 1556	 1
600	 1557	 -1
601	 1557	 1
600	 1558	 -1
1137	 1558	 1
600	 1559	 -1
1135	 1559	 1
601	 1560	 -1
631	 1560	 1
601	 1561	 -1
602	 1561	 1
602	 1562	 -1
603	 1562	 1
602	 1563	 -1
632	 1563	 1
603	 1564	 -1
1214	 1564	 1
603	 1565	 -1
633	 1565	 1
604	 1566	 -1
1217	 1566	 1
604	 1567	 -1
1219	 1567	 1
604	 1568	 -1
605	 1568	 1
604	 1569	 -1
635	 1569	 1
604	 1570	 -1
634	 1570	 1
605	 1571	 -1
606	 1571	 1
605	 1572	 -1
636	 1572	 1
606	 1573	 -1
607	 1573	 1
606	 1574	 -1
637	 1574	 1
607	 1575	 -1
638	 1575	 1
607	 1576	 -1
608	 1576	 1
608	 1577	 -1
609	 1577	 1
608	 1578	 -1
639	 1578	 1
609	 1579	 -1
610	 1579	 1
609	 1580	 -1
640	 1580	 1
610	 1581	 -1
641	 1581	 1
610	 1582	 -1
611	 1582	 1
611	 1583	 -1
612	 1583	 1
611	 1584	 -1
642	 1584	 1
612	 1585	 -1
613	 1585	 1
612	 1586	 -1
643	 1586	 1
613	 1587	 -1
614	 1587	 1
613	 1588	 -1
644	 1588	 1
614	 1589	 -1
645	 1589	 1
614	 1590	 -1
615	 1590	 1
615	 1591	 -1
1258	 1591	 1
615	 1592	 -1
1256	 1592	 1
615	 1593	 -1
645	 1593	 1
615	 1594	 -1
1260	 1594	 1
616	 1595	 -1
1259	 1595	 1
616	 1596	 -1
646	 1596	 1
616	 1597	 -1
617	 1597	 1
616	 1598	 -1
1261	 1598	 1
617	 1599	 -1
647	 1599	 1
617	 1600	 -1
618	 1600	 1
618	 1601	 -1
619	 1601	 1
618	 1602	 -1
648	 1602	 1
619	 1603	 -1
620	 1603	 1
619	 1604	 -1
649	 1604	 1
620	 1605	 -1
650	 1605	 1
620	 1606	 -1
621	 1606	 1
621	 1607	 -1
651	 1607	 1
621	 1608	 -1
622	 1608	 1
622	 1609	 -1
652	 1609	 1
622	 1610	 -1
623	 1610	 1
623	 1611	 -1
624	 1611	 1
623	 1612	 -1
653	 1612	 1
624	 1613	 -1
654	 1613	 1
624	 1614	 -1
1029	 1614	 1
625	 1615	 -1
626	 1615	 1
625	 1616	 -1
1030	 1616	 1
625	 1617	 -1
655	 1617	 1
626	 1618	 -1
627	 1618	 1
626	 1619	 -1
656	 1619	 1
627	 1620	 -1
628	 1620	 1
627	 1621	 -1
657	 1621	 1
628	 1622	 -1
629	 1622	 1
628	 1623	 -1
658	 1623	 1
629	 1624	 -1
659	 1624	 1
629	 1625	 -1
630	 1625	 1
630	 1626	 -1
631	 1626	 1
630	 1627	 -1
660	 1627	 1
631	 1628	 -1
632	 1628	 1
631	 1629	 -1
661	 1629	 1
632	 1630	 -1
662	 1630	 1
632	 1631	 -1
633	 1631	 1
633	 1632	 -1
1210	 1632	 1
633	 1633	 -1
1212	 1633	 1
633	 1634	 -1
1214	 1634	 1
633	 1635	 -1
662	 1635	 1
634	 1636	 -1
663	 1636	 1
634	 1637	 -1
635	 1637	 1
634	 1638	 -1
1217	 1638	 1
634	 1639	 -1
1215	 1639	 1
634	 1640	 -1
1213	 1640	 1
635	 1641	 -1
664	 1641	 1
635	 1642	 -1
636	 1642	 1
636	 1643	 -1
665	 1643	 1
636	 1644	 -1
637	 1644	 1
637	 1645	 -1
666	 1645	 1
637	 1646	 -1
638	 1646	 1
638	 1647	 -1
667	 1647	 1
638	 1648	 -1
639	 1648	 1
639	 1649	 -1
668	 1649	 1
639	 1650	 -1
640	 1650	 1
640	 1651	 -1
641	 1651	 1
640	 1652	 -1
669	 1652	 1
641	 1653	 -1
642	 1653	 1
641	 1654	 -1
670	 1654	 1
642	 1655	 -1
643	 1655	 1
642	 1656	 -1
671	 1656	 1
643	 1657	 -1
644	 1657	 1
643	 1658	 -1
672	 1658	 1
644	 1659	 -1
673	 1659	 1
644	 1660	 -1
645	 1660	 1
645	 1661	 -1
1256	 1661	 1
645	 1662	 -1
674	 1662	 1
646	 1663	 -1
647	 1663	 1
646	 1664	 -1
1259	 1664	 1
646	 1665	 -1
675	 1665	 1
646	 1666	 -1
676	 1666	 1
647	 1667	 -1
676	 1667	 1
647	 1668	 -1
1440	 1668	 1
647	 1669	 -1
1442	 1669	 1
647	 1670	 -1
648	 1670	 1
648	 1671	 -1
649	 1671	 1
648	 1672	 -1
677	 1672	 1
648	 1673	 -1
1444	 1673	 1
648	 1674	 -1
1442	 1674	 1
649	 1675	 -1
650	 1675	 1
649	 1676	 -1
677	 1676	 1
650	 1677	 -1
651	 1677	 1
650	 1678	 -1
678	 1678	 1
651	 1679	 -1
679	 1679	 1
651	 1680	 -1
652	 1680	 1
652	 1681	 -1
653	 1681	 1
652	 1682	 -1
680	 1682	 1
653	 1683	 -1
681	 1683	 1
653	 1684	 -1
654	 1684	 1
654	 1685	 -1
682	 1685	 1
654	 1686	 -1
1031	 1686	 1
655	 1687	 -1
656	 1687	 1
655	 1688	 -1
683	 1688	 1
655	 1689	 -1
1032	 1689	 1
656	 1690	 -1
657	 1690	 1
656	 1691	 -1
684	 1691	 1
657	 1692	 -1
658	 1692	 1
657	 1693	 -1
685	 1693	 1
658	 1694	 -1
659	 1694	 1
658	 1695	 -1
686	 1695	 1
659	 1696	 -1
660	 1696	 1
659	 1697	 -1
687	 1697	 1
660	 1698	 -1
688	 1698	 1
660	 1699	 -1
661	 1699	 1
661	 1700	 -1
662	 1700	 1
661	 1701	 -1
689	 1701	 1
662	 1702	 -1
1208	 1702	 1
662	 1703	 -1
1210	 1703	 1
662	 1704	 -1
690	 1704	 1
663	 1705	 -1
1211	 1705	 1
663	 1706	 -1
691	 1706	 1
663	 1707	 -1
692	 1707	 1
663	 1708	 -1
664	 1708	 1
663	 1709	 -1
1213	 1709	 1
664	 1710	 -1
693	 1710	 1
664	 1711	 -1
665	 1711	 1
665	 1712	 -1
694	 1712	 1
665	 1713	 -1
666	 1713	 1
666	 1714	 -1
695	 1714	 1
666	 1715	 -1
667	 1715	 1
667	 1716	 -1
668	 1716	 1
667	 1717	 -1
696	 1717	 1
668	 1718	 -1
669	 1718	 1
668	 1719	 -1
697	 1719	 1
669	 1720	 -1
698	 1720	 1
669	 1721	 -1
670	 1721	 1
670	 1722	 -1
671	 1722	 1
670	 1723	 -1
699	 1723	 1
671	 1724	 -1
700	 1724	 1
671	 1725	 -1
672	 1725	 1
672	 1726	 -1
673	 1726	 1
672	 1727	 -1
701	 1727	 1
673	 1728	 -1
674	 1728	 1
673	 1729	 -1
702	 1729	 1
674	 1730	 -1
1256	 1730	 1
674	 1731	 -1
1254	 1731	 1
674	 1732	 -1
703	 1732	 1
675	 1733	 -1
1259	 1733	 1
675	 1734	 -1
1257	 1734	 1
675	 1735	 -1
1255	 1735	 1
675	 1736	 -1
1436	 1736	 1
675	 1737	 -1
1438	 1737	 1
675	 1738	 -1
676	 1738	 1
676	 1739	 -1
1438	 1739	 1
676	 1740	 -1
1440	 1740	 1
677	 1741	 -1
1444	 1741	 1
677	 1742	 -1
1445	 1742	 1
677	 1743	 -1
705	 1743	 1
677	 1744	 -1
678	 1744	 1
678	 1745	 -1
706	 1745	 1
678	 1746	 -1
679	 1746	 1
679	 1747	 -1
680	 1747	 1
679	 1748	 -1
707	 1748	 1
680	 1749	 -1
681	 1749	 1
680	 1750	 -1
708	 1750	 1
681	 1751	 -1
709	 1751	 1
681	 1752	 -1
682	 1752	 1
682	 1753	 -1
710	 1753	 1
682	 1754	 -1
1033	 1754	 1
683	 1755	 -1
684	 1755	 1
683	 1756	 -1
711	 1756	 1
683	 1757	 -1
1034	 1757	 1
684	 1758	 -1
685	 1758	 1
684	 1759	 -1
712	 1759	 1
685	 1760	 -1
686	 1760	 1
685	 1761	 -1
713	 1761	 1
686	 1762	 -1
714	 1762	 1
686	 1763	 -1
687	 1763	 1
687	 1764	 -1
715	 1764	 1
687	 1765	 -1
688	 1765	 1
688	 1766	 -1
716	 1766	 1
688	 1767	 -1
689	 1767	 1
689	 1768	 -1
717	 1768	 1
689	 1769	 -1
690	 1769	 1
690	 1770	 -1
717	 1770	 1
690	 1771	 -1
1206	 1771	 1
690	 1772	 -1
1208	 1772	 1
691	 1773	 -1
692	 1773	 1
691	 1774	 -1
718	 1774	 1
691	 1775	 -1
1209	 1775	 1
691	 1776	 -1
1211	 1776	 1
692	 1777	 -1
719	 1777	 1
692	 1778	 -1
693	 1778	 1
693	 1779	 -1
720	 1779	 1
693	 1780	 -1
694	 1780	 1
694	 1781	 -1
721	 1781	 1
694	 1782	 -1
695	 1782	 1
695	 1783	 -1
696	 1783	 1
695	 1784	 -1
722	 1784	 1
696	 1785	 -1
697	 1785	 1
696	 1786	 -1
723	 1786	 1
697	 1787	 -1
724	 1787	 1
697	 1788	 -1
698	 1788	 1
698	 1789	 -1
699	 1789	 1
698	 1790	 -1
725	 1790	 1
699	 1791	 -1
700	 1791	 1
699	 1792	 -1
726	 1792	 1
700	 1793	 -1
701	 1793	 1
700	 1794	 -1
727	 1794	 1
701	 1795	 -1
728	 1795	 1
701	 1796	 -1
702	 1796	 1
702	 1797	 -1
703	 1797	 1
702	 1798	 -1
729	 1798	 1
703	 1799	 -1
1244	 1799	 1
703	 1800	 -1
1252	 1800	 1
703	 1801	 -1
1254	 1801	 1
703	 1802	 -1
729	 1802	 1
704	 1803	 -1
705	 1803	 1
704	 1804	 -1
732	 1804	 1
704	 1805	 -1
731	 1805	 1
704	 1806	 -1
1441	 1806	 1
704	 1807	 -1
1443	 1807	 1
704	 1808	 -1
1445	 1808	 1
705	 1809	 -1
706	 1809	 1
705	 1810	 -1
733	 1810	 1
705	 1811	 -1
1445	 1811	 1
706	 1812	 -1
734	 1812	 1
706	 1813	 -1
707	 1813	 1
707	 1814	 -1
735	 1814	 1
707	 1815	 -1
708	 1815	 1
708	 1816	 -1
709	 1816	 1
708	 1817	 -1
736	 1817	 1
709	 1818	 -1
737	 1818	 1
709	 1819	 -1
710	 1819	 1
710	 1820	 -1
1035	 1820	 1
710	 1821	 -1
738	 1821	 1
711	 1822	 -1
1036	 1822	 1
711	 1823	 -1
739	 1823	 1
711	 1824	 -1
712	 1824	 1
712	 1825	 -1
713	 1825	 1
712	 1826	 -1
740	 1826	 1
713	 1827	 -1
714	 1827	 1
713	 1828	 -1
741	 1828	 1
714	 1829	 -1
715	 1829	 1
714	 1830	 -1
742	 1830	 1
715	 1831	 -1
743	 1831	 1
715	 1832	 -1
716	 1832	 1
716	 1833	 -1
744	 1833	 1
716	 1834	 -1
717	 1834	 1
717	 1835	 -1
1206	 1835	 1
717	 1836	 -1
1204	 1836	 1
717	 1837	 -1
744	 1837	 1
718	 1838	 -1
1209	 1838	 1
718	 1839	 -1
719	 1839	 1
718	 1840	 -1
746	 1840	 1
718	 1841	 -1
745	 1841	 1
718	 1842	 -1
1207	 1842	 1
719	 1843	 -1
720	 1843	 1
719	 1844	 -1
747	 1844	 1
720	 1845	 -1
721	 1845	 1
720	 1846	 -1
748	 1846	 1
721	 1847	 -1
749	 1847	 1
721	 1848	 -1
722	 1848	 1
722	 1849	 -1
750	 1849	 1
722	 1850	 -1
723	 1850	 1
723	 1851	 -1
724	 1851	 1
723	 1852	 -1
751	 1852	 1
724	 1853	 -1
725	 1853	 1
724	 1854	 -1
752	 1854	 1
725	 1855	 -1
753	 1855	 1
725	 1856	 -1
726	 1856	 1
726	 1857	 -1
754	 1857	 1
726	 1858	 -1
727	 1858	 1
727	 1859	 -1
728	 1859	 1
727	 1860	 -1
755	 1860	 1
728	 1861	 -1
729	 1861	 1
728	 1862	 -1
756	 1862	 1
729	 1863	 -1
1430	 1863	 1
729	 1864	 -1
1236	 1864	 1
729	 1865	 -1
1242	 1865	 1
729	 1866	 -1
1428	 1866	 1
729	 1867	 -1
1420	 1867	 1
729	 1868	 -1
1250	 1868	 1
729	 1869	 -1
1416	 1869	 1
729	 1870	 -1
756	 1870	 1
729	 1871	 -1
1244	 1871	 1
729	 1872	 -1
1422	 1872	 1
730	 1873	 -1
758	 1873	 1
730	 1874	 -1
731	 1874	 1
730	 1875	 -1
1439	 1875	 1
730	 1876	 -1
1437	 1876	 1
730	 1877	 -1
757	 1877	 1
731	 1878	 -1
1439	 1878	 1
731	 1879	 -1
759	 1879	 1
731	 1880	 -1
732	 1880	 1
731	 1881	 -1
1441	 1881	 1
732	 1882	 -1
760	 1882	 1
732	 1883	 -1
733	 1883	 1
733	 1884	 -1
761	 1884	 1
733	 1885	 -1
734	 1885	 1
734	 1886	 -1
735	 1886	 1
734	 1887	 -1
762	 1887	 1
735	 1888	 -1
736	 1888	 1
735	 1889	 -1
763	 1889	 1
736	 1890	 -1
737	 1890	 1
736	 1891	 -1
764	 1891	 1
737	 1892	 -1
765	 1892	 1
737	 1893	 -1
738	 1893	 1
737	 1894	 -1
764	 1894	 1
737	 1895	 -1
1466	 1895	 1
738	 1896	 -1
1037	 1896	 1
738	 1897	 -1
765	 1897	 1
739	 1898	 -1
766	 1898	 1
739	 1899	 -1
740	 1899	 1
739	 1900	 -1
1038	 1900	 1
740	 1901	 -1
741	 1901	 1
740	 1902	 -1
767	 1902	 1
741	 1903	 -1
768	 1903	 1
741	 1904	 -1
742	 1904	 1
742	 1905	 -1
743	 1905	 1
742	 1906	 -1
769	 1906	 1
743	 1907	 -1
1469	 1907	 1
743	 1908	 -1
769	 1908	 1
743	 1909	 -1
744	 1909	 1
743	 1910	 -1
1468	 1910	 1
744	 1911	 -1
1202	 1911	 1
744	 1912	 -1
1204	 1912	 1
744	 1913	 -1
1468	 1913	 1
744	 1914	 -1
1470	 1914	 1
744	 1915	 -1
1472	 1915	 1
744	 1916	 -1
1194	 1916	 1
745	 1917	 -1
1207	 1917	 1
745	 1918	 -1
1205	 1918	 1
745	 1919	 -1
770	 1919	 1
745	 1920	 -1
771	 1920	 1
745	 1921	 -1
746	 1921	 1
746	 1922	 -1
772	 1922	 1
746	 1923	 -1
747	 1923	 1
747	 1924	 -1
748	 1924	 1
747	 1925	 -1
773	 1925	 1
748	 1926	 -1
774	 1926	 1
748	 1927	 -1
749	 1927	 1
749	 1928	 -1
775	 1928	 1
749	 1929	 -1
750	 1929	 1
750	 1930	 -1
751	 1930	 1
750	 1931	 -1
776	 1931	 1
751	 1932	 -1
752	 1932	 1
751	 1933	 -1
777	 1933	 1
752	 1934	 -1
778	 1934	 1
752	 1935	 -1
753	 1935	 1
753	 1936	 -1
754	 1936	 1
753	 1937	 -1
779	 1937	 1
754	 1938	 -1
780	 1938	 1
754	 1939	 -1
755	 1939	 1
755	 1940	 -1
1412	 1940	 1
755	 1941	 -1
756	 1941	 1
755	 1942	 -1
780	 1942	 1
756	 1943	 -1
1416	 1943	 1
756	 1944	 -1
1414	 1944	 1
756	 1945	 -1
1412	 1945	 1
757	 1946	 -1
1427	 1946	 1
757	 1947	 -1
781	 1947	 1
757	 1948	 -1
782	 1948	 1
757	 1949	 -1
758	 1949	 1
757	 1950	 -1
1437	 1950	 1
757	 1951	 -1
1435	 1951	 1
757	 1952	 -1
1249	 1952	 1
757	 1953	 -1
1419	 1953	 1
758	 1954	 -1
759	 1954	 1
758	 1955	 -1
783	 1955	 1
759	 1956	 -1
784	 1956	 1
759	 1957	 -1
760	 1957	 1
760	 1958	 -1
761	 1958	 1
760	 1959	 -1
785	 1959	 1
761	 1960	 -1
762	 1960	 1
761	 1961	 -1
786	 1961	 1
762	 1962	 -1
763	 1962	 1
762	 1963	 -1
787	 1963	 1
763	 1964	 -1
1462	 1964	 1
763	 1965	 -1
764	 1965	 1
763	 1966	 -1
787	 1966	 1
763	 1967	 -1
1460	 1967	 1
764	 1968	 -1
1466	 1968	 1
764	 1969	 -1
1462	 1969	 1
764	 1970	 -1
1464	 1970	 1
765	 1971	 -1
1467	 1971	 1
765	 1972	 -1
788	 1972	 1
765	 1973	 -1
1039	 1973	 1
765	 1974	 -1
1466	 1974	 1
766	 1975	 -1
1040	 1975	 1
766	 1976	 -1
767	 1976	 1
766	 1977	 -1
789	 1977	 1
767	 1978	 -1
768	 1978	 1
767	 1979	 -1
790	 1979	 1
768	 1980	 -1
769	 1980	 1
768	 1981	 -1
791	 1981	 1
769	 1982	 -1
792	 1982	 1
769	 1983	 -1
793	 1983	 1
769	 1984	 -1
1469	 1984	 1
770	 1985	 -1
1203	 1985	 1
770	 1986	 -1
1205	 1986	 1
770	 1987	 -1
771	 1987	 1
770	 1988	 -1
794	 1988	 1
770	 1989	 -1
1490	 1989	 1
770	 1990	 -1
1198	 1990	 1
770	 1991	 -1
1195	 1991	 1
771	 1992	 -1
772	 1992	 1
771	 1993	 -1
794	 1993	 1
772	 1994	 -1
773	 1994	 1
772	 1995	 -1
795	 1995	 1
773	 1996	 -1
774	 1996	 1
773	 1997	 -1
796	 1997	 1
774	 1998	 -1
775	 1998	 1
774	 1999	 -1
797	 1999	 1
775	 2000	 -1
798	 2000	 1
775	 2001	 -1
776	 2001	 1
776	 2002	 -1
777	 2002	 1
776	 2003	 -1
799	 2003	 1
777	 2004	 -1
778	 2004	 1
777	 2005	 -1
800	 2005	 1
778	 2006	 -1
801	 2006	 1
778	 2007	 -1
779	 2007	 1
779	 2008	 -1
780	 2008	 1
779	 2009	 -1
801	 2009	 1
779	 2010	 -1
1408	 2010	 1
780	 2011	 -1
1408	 2011	 1
780	 2012	 -1
1410	 2012	 1
780	 2013	 -1
1412	 2013	 1
781	 2014	 -1
1425	 2014	 1
781	 2015	 -1
1247	 2015	 1
781	 2016	 -1
1235	 2016	 1
781	 2017	 -1
1233	 2017	 1
781	 2018	 -1
1231	 2018	 1
781	 2019	 -1
804	 2019	 1
781	 2020	 -1
805	 2020	 1
781	 2021	 -1
782	 2021	 1
781	 2022	 -1
1427	 2022	 1
781	 2023	 -1
1241	 2023	 1
781	 2024	 -1
1239	 2024	 1
781	 2025	 -1
1433	 2025	 1
782	 2026	 -1
783	 2026	 1
782	 2027	 -1
806	 2027	 1
783	 2028	 -1
807	 2028	 1
783	 2029	 -1
784	 2029	 1
784	 2030	 -1
785	 2030	 1
784	 2031	 -1
808	 2031	 1
785	 2032	 -1
809	 2032	 1
785	 2033	 -1
786	 2033	 1
786	 2034	 -1
810	 2034	 1
786	 2035	 -1
787	 2035	 1
787	 2036	 -1
810	 2036	 1
787	 2037	 -1
1458	 2037	 1
787	 2038	 -1
1460	 2038	 1
788	 2039	 -1
1467	 2039	 1
788	 2040	 -1
1041	 2040	 1
788	 2041	 -1
813	 2041	 1
788	 2042	 -1
812	 2042	 1
788	 2043	 -1
1465	 2043	 1
789	 2044	 -1
1042	 2044	 1
789	 2045	 -1
790	 2045	 1
789	 2046	 -1
814	 2046	 1
790	 2047	 -1
815	 2047	 1
790	 2048	 -1
791	 2048	 1
791	 2049	 -1
816	 2049	 1
791	 2050	 -1
792	 2050	 1
792	 2051	 -1
817	 2051	 1
792	 2052	 -1
793	 2052	 1
793	 2053	 -1
1184	 2053	 1
793	 2054	 -1
1473	 2054	 1
793	 2055	 -1
1471	 2055	 1
793	 2056	 -1
1469	 2056	 1
793	 2057	 -1
818	 2057	 1
793	 2058	 -1
1182	 2058	 1
794	 2059	 -1
1494	 2059	 1
794	 2060	 -1
1492	 2060	 1
794	 2061	 -1
1490	 2061	 1
794	 2062	 -1
795	 2062	 1
795	 2063	 -1
1496	 2063	 1
795	 2064	 -1
1494	 2064	 1
795	 2065	 -1
796	 2065	 1
795	 2066	 -1
820	 2066	 1
796	 2067	 -1
797	 2067	 1
796	 2068	 -1
820	 2068	 1
797	 2069	 -1
798	 2069	 1
797	 2070	 -1
821	 2070	 1
798	 2071	 -1
799	 2071	 1
798	 2072	 -1
822	 2072	 1
799	 2073	 -1
823	 2073	 1
799	 2074	 -1
800	 2074	 1
800	 2075	 -1
801	 2075	 1
800	 2076	 -1
824	 2076	 1
801	 2077	 -1
1408	 2077	 1
801	 2078	 -1
1406	 2078	 1
801	 2079	 -1
1404	 2079	 1
801	 2080	 -1
824	 2080	 1
802	 2081	 -1
827	 2081	 1
802	 2082	 -1
803	 2082	 1
802	 2083	 -1
1415	 2083	 1
802	 2084	 -1
1413	 2084	 1
802	 2085	 -1
1411	 2085	 1
802	 2086	 -1
826	 2086	 1
803	 2087	 -1
1230	 2087	 1
803	 2088	 -1
1415	 2088	 1
803	 2089	 -1
828	 2089	 1
803	 2090	 -1
804	 2090	 1
804	 2091	 -1
805	 2091	 1
804	 2092	 -1
829	 2092	 1
804	 2093	 -1
1230	 2093	 1
804	 2094	 -1
1231	 2094	 1
805	 2095	 -1
806	 2095	 1
805	 2096	 -1
830	 2096	 1
806	 2097	 -1
807	 2097	 1
806	 2098	 -1
831	 2098	 1
807	 2099	 -1
808	 2099	 1
807	 2100	 -1
832	 2100	 1
808	 2101	 -1
809	 2101	 1
808	 2102	 -1
833	 2102	 1
809	 2103	 -1
810	 2103	 1
809	 2104	 -1
833	 2104	 1
809	 2105	 -1
1454	 2105	 1
810	 2106	 -1
1454	 2106	 1
810	 2107	 -1
1458	 2107	 1
810	 2108	 -1
1456	 2108	 1
811	 2109	 -1
1463	 2109	 1
811	 2110	 -1
812	 2110	 1
811	 2111	 -1
835	 2111	 1
811	 2112	 -1
834	 2112	 1
811	 2113	 -1
1461	 2113	 1
812	 2114	 -1
813	 2114	 1
812	 2115	 -1
836	 2115	 1
812	 2116	 -1
1463	 2116	 1
812	 2117	 -1
1465	 2117	 1
813	 2118	 -1
837	 2118	 1
813	 2119	 -1
1043	 2119	 1
814	 2120	 -1
1044	 2120	 1
814	 2121	 -1
838	 2121	 1
814	 2122	 -1
815	 2122	 1
815	 2123	 -1
839	 2123	 1
815	 2124	 -1
816	 2124	 1
816	 2125	 -1
817	 2125	 1
816	 2126	 -1
840	 2126	 1
817	 2127	 -1
818	 2127	 1
817	 2128	 -1
841	 2128	 1
818	 2129	 -1
841	 2129	 1
818	 2130	 -1
1178	 2130	 1
818	 2131	 -1
1180	 2131	 1
818	 2132	 -1
1182	 2132	 1
819	 2133	 -1
1197	 2133	 1
819	 2134	 -1
1185	 2134	 1
819	 2135	 -1
1183	 2135	 1
819	 2136	 -1
842	 2136	 1
819	 2137	 -1
843	 2137	 1
819	 2138	 -1
1493	 2138	 1
819	 2139	 -1
1491	 2139	 1
819	 2140	 -1
1199	 2140	 1
820	 2141	 -1
1496	 2141	 1
820	 2142	 -1
1498	 2142	 1
820	 2143	 -1
821	 2143	 1
821	 2144	 -1
1500	 2144	 1
821	 2145	 -1
1498	 2145	 1
821	 2146	 -1
822	 2146	 1
821	 2147	 -1
845	 2147	 1
822	 2148	 -1
823	 2148	 1
822	 2149	 -1
845	 2149	 1
823	 2150	 -1
1400	 2150	 1
823	 2151	 -1
1402	 2151	 1
823	 2152	 -1
824	 2152	 1
823	 2153	 -1
845	 2153	 1
824	 2154	 -1
1404	 2154	 1
824	 2155	 -1
1402	 2155	 1
825	 2156	 -1
1411	 2156	 1
825	 2157	 -1
826	 2157	 1
825	 2158	 -1
847	 2158	 1
825	 2159	 -1
846	 2159	 1
825	 2160	 -1
1407	 2160	 1
825	 2161	 -1
1409	 2161	 1
826	 2162	 -1
848	 2162	 1
826	 2163	 -1
1411	 2163	 1
826	 2164	 -1
827	 2164	 1
827	 2165	 -1
849	 2165	 1
827	 2166	 -1
828	 2166	 1
828	 2167	 -1
850	 2167	 1
828	 2168	 -1
829	 2168	 1
829	 2169	 -1
851	 2169	 1
829	 2170	 -1
830	 2170	 1
830	 2171	 -1
831	 2171	 1
830	 2172	 -1
852	 2172	 1
831	 2173	 -1
832	 2173	 1
831	 2174	 -1
853	 2174	 1
832	 2175	 -1
854	 2175	 1
832	 2176	 -1
833	 2176	 1
833	 2177	 -1
1450	 2177	 1
833	 2178	 -1
854	 2178	 1
833	 2179	 -1
1454	 2179	 1
833	 2180	 -1
1452	 2180	 1
834	 2181	 -1
1459	 2181	 1
834	 2182	 -1
1457	 2182	 1
834	 2183	 -1
856	 2183	 1
834	 2184	 -1
857	 2184	 1
834	 2185	 -1
835	 2185	 1
834	 2186	 -1
1461	 2186	 1
835	 2187	 -1
836	 2187	 1
835	 2188	 -1
858	 2188	 1
836	 2189	 -1
859	 2189	 1
836	 2190	 -1
837	 2190	 1
837	 2191	 -1
860	 2191	 1
837	 2192	 -1
1045	 2192	 1
838	 2193	 -1
839	 2193	 1
838	 2194	 -1
861	 2194	 1
838	 2195	 -1
1046	 2195	 1
839	 2196	 -1
840	 2196	 1
839	 2197	 -1
862	 2197	 1
840	 2198	 -1
863	 2198	 1
840	 2199	 -1
841	 2199	 1
841	 2200	 -1
1178	 2200	 1
841	 2201	 -1
864	 2201	 1
841	 2202	 -1
865	 2202	 1
842	 2203	 -1
867	 2203	 1
842	 2204	 -1
843	 2204	 1
842	 2205	 -1
1183	 2205	 1
842	 2206	 -1
1181	 2206	 1
842	 2207	 -1
866	 2207	 1
843	 2208	 -1
1493	 2208	 1
843	 2209	 -1
844	 2209	 1
843	 2210	 -1
868	 2210	 1
844	 2211	 -1
1497	 2211	 1
844	 2212	 -1
870	 2212	 1
844	 2213	 -1
869	 2213	 1
844	 2214	 -1
1493	 2214	 1
844	 2215	 -1
1495	 2215	 1
845	 2216	 -1
1514	 2216	 1
845	 2217	 -1
1384	 2217	 1
845	 2218	 -1
1390	 2218	 1
845	 2219	 -1
1512	 2219	 1
845	 2220	 -1
1504	 2220	 1
845	 2221	 -1
1398	 2221	 1
845	 2222	 -1
1500	 2222	 1
845	 2223	 -1
1400	 2223	 1
845	 2224	 -1
1392	 2224	 1
845	 2225	 -1
1506	 2225	 1
846	 2226	 -1
1405	 2226	 1
846	 2227	 -1
873	 2227	 1
846	 2228	 -1
874	 2228	 1
846	 2229	 -1
847	 2229	 1
846	 2230	 -1
1407	 2230	 1
847	 2231	 -1
875	 2231	 1
847	 2232	 -1
848	 2232	 1
848	 2233	 -1
849	 2233	 1
848	 2234	 -1
876	 2234	 1
849	 2235	 -1
877	 2235	 1
849	 2236	 -1
850	 2236	 1
850	 2237	 -1
851	 2237	 1
850	 2238	 -1
878	 2238	 1
851	 2239	 -1
879	 2239	 1
851	 2240	 -1
852	 2240	 1
852	 2241	 -1
880	 2241	 1
852	 2242	 -1
853	 2242	 1
853	 2243	 -1
881	 2243	 1
853	 2244	 -1
854	 2244	 1
854	 2245	 -1
1448	 2245	 1
854	 2246	 -1
1450	 2246	 1
854	 2247	 -1
881	 2247	 1
854	 2248	 -1
1446	 2248	 1
855	 2249	 -1
1455	 2249	 1
855	 2250	 -1
1457	 2250	 1
855	 2251	 -1
856	 2251	 1
855	 2252	 -1
883	 2252	 1
855	 2253	 -1
882	 2253	 1
855	 2254	 -1
1453	 2254	 1
856	 2255	 -1
1457	 2255	 1
856	 2256	 -1
884	 2256	 1
856	 2257	 -1
857	 2257	 1
857	 2258	 -1
885	 2258	 1
857	 2259	 -1
858	 2259	 1
858	 2260	 -1
886	 2260	 1
858	 2261	 -1
859	 2261	 1
859	 2262	 -1
860	 2262	 1
859	 2263	 -1
887	 2263	 1
860	 2264	 -1
888	 2264	 1
860	 2265	 -1
1047	 2265	 1
861	 2266	 -1
1048	 2266	 1
861	 2267	 -1
889	 2267	 1
861	 2268	 -1
862	 2268	 1
862	 2269	 -1
890	 2269	 1
862	 2270	 -1
863	 2270	 1
863	 2271	 -1
864	 2271	 1
863	 2272	 -1
891	 2272	 1
864	 2273	 -1
892	 2273	 1
864	 2274	 -1
865	 2274	 1
865	 2275	 -1
1178	 2275	 1
865	 2276	 -1
1179	 2276	 1
865	 2277	 -1
866	 2277	 1
865	 2278	 -1
893	 2278	 1
866	 2279	 -1
1181	 2279	 1
866	 2280	 -1
1179	 2280	 1
866	 2281	 -1
894	 2281	 1
866	 2282	 -1
867	 2282	 1
867	 2283	 -1
895	 2283	 1
867	 2284	 -1
868	 2284	 1
868	 2285	 -1
869	 2285	 1
868	 2286	 -1
896	 2286	 1
869	 2287	 -1
870	 2287	 1
869	 2288	 -1
897	 2288	 1
870	 2289	 -1
1497	 2289	 1
870	 2290	 -1
898	 2290	 1
870	 2291	 -1
871	 2291	 1
870	 2292	 -1
1499	 2292	 1
871	 2293	 -1
899	 2293	 1
871	 2294	 -1
1380	 2294	 1
871	 2295	 -1
1501	 2295	 1
871	 2296	 -1
1499	 2296	 1
872	 2297	 -1
873	 2297	 1
872	 2298	 -1
901	 2298	 1
872	 2299	 -1
1520	 2299	 1
872	 2300	 -1
1401	 2300	 1
872	 2301	 -1
1403	 2301	 1
873	 2302	 -1
1405	 2302	 1
873	 2303	 -1
874	 2303	 1
873	 2304	 -1
902	 2304	 1
873	 2305	 -1
1403	 2305	 1
874	 2306	 -1
903	 2306	 1
874	 2307	 -1
875	 2307	 1
875	 2308	 -1
876	 2308	 1
875	 2309	 -1
904	 2309	 1
876	 2310	 -1
877	 2310	 1
876	 2311	 -1
905	 2311	 1
877	 2312	 -1
906	 2312	 1
877	 2313	 -1
878	 2313	 1
878	 2314	 -1
879	 2314	 1
878	 2315	 -1
907	 2315	 1
879	 2316	 -1
880	 2316	 1
879	 2317	 -1
908	 2317	 1
880	 2318	 -1
909	 2318	 1
880	 2319	 -1
881	 2319	 1
881	 2320	 -1
910	 2320	 1
881	 2321	 -1
1446	 2321	 1
882	 2322	 -1
883	 2322	 1
882	 2323	 -1
913	 2323	 1
882	 2324	 -1
912	 2324	 1
882	 2325	 -1
1451	 2325	 1
882	 2326	 -1
1453	 2326	 1
883	 2327	 -1
914	 2327	 1
883	 2328	 -1
884	 2328	 1
884	 2329	 -1
915	 2329	 1
884	 2330	 -1
885	 2330	 1
885	 2331	 -1
886	 2331	 1
885	 2332	 -1
916	 2332	 1
886	 2333	 -1
917	 2333	 1
886	 2334	 -1
887	 2334	 1
887	 2335	 -1
888	 2335	 1
887	 2336	 -1
918	 2336	 1
888	 2337	 -1
1049	 2337	 1
888	 2338	 -1
919	 2338	 1
889	 2339	 -1
890	 2339	 1
889	 2340	 -1
921	 2340	 1
889	 2341	 -1
1050	 2341	 1
890	 2342	 -1
923	 2342	 1
890	 2343	 -1
891	 2343	 1
891	 2344	 -1
925	 2344	 1
891	 2345	 -1
892	 2345	 1
892	 2346	 -1
893	 2346	 1
892	 2347	 -1
927	 2347	 1
893	 2348	 -1
894	 2348	 1
893	 2349	 -1
929	 2349	 1
894	 2350	 -1
895	 2350	 1
894	 2351	 -1
931	 2351	 1
895	 2352	 -1
896	 2352	 1
895	 2353	 -1
933	 2353	 1
896	 2354	 -1
897	 2354	 1
896	 2355	 -1
935	 2355	 1
897	 2356	 -1
937	 2356	 1
897	 2357	 -1
898	 2357	 1
898	 2358	 -1
899	 2358	 1
898	 2359	 -1
939	 2359	 1
899	 2360	 -1
941	 2360	 1
899	 2361	 -1
1380	 2361	 1
899	 2362	 -1
1381	 2362	 1
899	 2363	 -1
943	 2363	 1
900	 2364	 -1
1511	 2364	 1
900	 2365	 -1
1389	 2365	 1
900	 2366	 -1
1387	 2366	 1
900	 2367	 -1
1517	 2367	 1
900	 2368	 -1
1509	 2368	 1
900	 2369	 -1
1395	 2369	 1
900	 2370	 -1
1383	 2370	 1
900	 2371	 -1
943	 2371	 1
900	 2372	 -1
945	 2372	 1
900	 2373	 -1
947	 2373	 1
900	 2374	 -1
1521	 2374	 1
900	 2375	 -1
1519	 2375	 1
900	 2376	 -1
1397	 2376	 1
900	 2377	 -1
1503	 2377	 1
901	 2378	 -1
947	 2378	 1
901	 2379	 -1
949	 2379	 1
901	 2380	 -1
902	 2380	 1
901	 2381	 -1
1520	 2381	 1
902	 2382	 -1
951	 2382	 1
902	 2383	 -1
903	 2383	 1
903	 2384	 -1
953	 2384	 1
903	 2385	 -1
904	 2385	 1
904	 2386	 -1
905	 2386	 1
904	 2387	 -1
955	 2387	 1
905	 2388	 -1
957	 2388	 1
905	 2389	 -1
906	 2389	 1
906	 2390	 -1
959	 2390	 1
906	 2391	 -1
907	 2391	 1
907	 2392	 -1
961	 2392	 1
907	 2393	 -1
908	 2393	 1
908	 2394	 -1
963	 2394	 1
908	 2395	 -1
909	 2395	 1
909	 2396	 -1
965	 2396	 1
909	 2397	 -1
910	 2397	 1
910	 2398	 -1
967	 2398	 1
910	 2399	 -1
911	 2399	 1
910	 2400	 -1
1446	 2400	 1
911	 2401	 -1
1447	 2401	 1
911	 2402	 -1
912	 2402	 1
911	 2403	 -1
969	 2403	 1
911	 2404	 -1
1446	 2404	 1
912	 2405	 -1
1451	 2405	 1
912	 2406	 -1
913	 2406	 1
912	 2407	 -1
971	 2407	 1
912	 2408	 -1
1447	 2408	 1
912	 2409	 -1
1449	 2409	 1
913	 2410	 -1
914	 2410	 1
913	 2411	 -1
973	 2411	 1
914	 2412	 -1
975	 2412	 1
914	 2413	 -1
915	 2413	 1
915	 2414	 -1
977	 2414	 1
915	 2415	 -1
916	 2415	 1
916	 2416	 -1
979	 2416	 1
916	 2417	 -1
917	 2417	 1
917	 2418	 -1
918	 2418	 1
917	 2419	 -1
981	 2419	 1
918	 2420	 -1
919	 2420	 1
918	 2421	 -1
983	 2421	 1
919	 2422	 -1
1051	 2422	 1
919	 2423	 -1
985	 2423	 1
920	 2424	 -1
986	 2424	 1
920	 2425	 1
920	 2426	 -1
922	 2426	 1
921	 2427	 1
921	 2428	 -1
1050	 2428	 1
921	 2429	 -1
923	 2429	 1
922	 2430	 1
922	 2431	 -1
924	 2431	 1
923	 2432	 -1
925	 2432	 1
923	 2433	 1
924	 2434	 1
924	 2435	 -1
926	 2435	 1
925	 2436	 -1
927	 2436	 1
925	 2437	 1
926	 2438	 1
926	 2439	 -1
928	 2439	 1
927	 2440	 1
927	 2441	 -1
929	 2441	 1
928	 2442	 1
928	 2443	 -1
930	 2443	 1
929	 2444	 1
929	 2445	 -1
931	 2445	 1
930	 2446	 -1
932	 2446	 1
930	 2447	 1
931	 2448	 1
931	 2449	 -1
933	 2449	 1
932	 2450	 1
932	 2451	 -1
934	 2451	 1
933	 2452	 -1
935	 2452	 1
933	 2453	 1
934	 2454	 1
934	 2455	 -1
936	 2455	 1
935	 2456	 -1
937	 2456	 1
935	 2457	 1
936	 2458	 -1
938	 2458	 1
936	 2459	 1
937	 2460	 1
937	 2461	 -1
939	 2461	 1
938	 2462	 1
938	 2463	 -1
940	 2463	 1
939	 2464	 1
939	 2465	 -1
941	 2465	 1
940	 2466	 -1
942	 2466	 1
940	 2467	 1
941	 2468	 1
941	 2469	 -1
943	 2469	 1
942	 2470	 -1
944	 2470	 1
942	 2471	 1
943	 2472	 1
943	 2473	 -1
945	 2473	 1
943	 2474	 -1
1383	 2474	 1
943	 2475	 -1
1381	 2475	 1
944	 2476	 -1
946	 2476	 1
944	 2477	 1
945	 2478	 1
945	 2479	 -1
947	 2479	 1
946	 2480	 -1
948	 2480	 1
946	 2481	 1
947	 2482	 -1
1520	 2482	 1
947	 2483	 -1
949	 2483	 1
947	 2484	 1
947	 2485	 -1
1521	 2485	 1
948	 2486	 -1
950	 2486	 1
948	 2487	 1
949	 2488	 -1
951	 2488	 1
949	 2489	 1
950	 2490	 1
950	 2491	 -1
952	 2491	 1
951	 2492	 -1
953	 2492	 1
951	 2493	 1
952	 2494	 1
952	 2495	 -1
954	 2495	 1
953	 2496	 1
953	 2497	 -1
955	 2497	 1
954	 2498	 -1
956	 2498	 1
954	 2499	 1
955	 2500	 -1
957	 2500	 1
955	 2501	 1
956	 2502	 1
956	 2503	 -1
958	 2503	 1
957	 2504	 -1
959	 2504	 1
957	 2505	 1
958	 2506	 -1
960	 2506	 1
958	 2507	 1
959	 2508	 -1
961	 2508	 1
959	 2509	 1
960	 2510	 1
960	 2511	 -1
962	 2511	 1
961	 2512	 -1
963	 2512	 1
961	 2513	 1
962	 2514	 -1
964	 2514	 1
962	 2515	 1
963	 2516	 1
963	 2517	 -1
965	 2517	 1
964	 2518	 1
964	 2519	 -1
966	 2519	 1
965	 2520	 1
965	 2521	 -1
967	 2521	 1
966	 2522	 -1
968	 2522	 1
966	 2523	 1
967	 2524	 1
967	 2525	 -1
969	 2525	 1
968	 2526	 1
968	 2527	 -1
970	 2527	 1
969	 2528	 1
969	 2529	 -1
971	 2529	 1
970	 2530	 -1
972	 2530	 1
970	 2531	 1
971	 2532	 -1
973	 2532	 1
971	 2533	 1
972	 2534	 1
972	 2535	 -1
974	 2535	 1
973	 2536	 -1
975	 2536	 1
973	 2537	 1
974	 2538	 -1
976	 2538	 1
974	 2539	 1
975	 2540	 -1
977	 2540	 1
975	 2541	 1
976	 2542	 -1
978	 2542	 1
976	 2543	 1
977	 2544	 1
977	 2545	 -1
979	 2545	 1
978	 2546	 1
978	 2547	 -1
980	 2547	 1
979	 2548	 1
979	 2549	 -1
981	 2549	 1
980	 2550	 -1
982	 2550	 1
980	 2551	 1
981	 2552	 1
981	 2553	 -1
983	 2553	 1
982	 2554	 -1
984	 2554	 1
982	 2555	 1
983	 2556	 1
983	 2557	 -1
985	 2557	 1
984	 2558	 -1
987	 2558	 1
984	 2559	 1
985	 2560	 1
985	 2561	 -1
1051	 2561	 1
986	 2562	 1
986	 2563	 -1
988	 2563	 1
987	 2564	 1
987	 2565	 -1
989	 2565	 1
988	 2566	 -1
990	 2566	 1
988	 2567	 1
989	 2568	 -1
991	 2568	 1
989	 2569	 1
990	 2570	 1
990	 2571	 -1
992	 2571	 1
991	 2572	 -1
993	 2572	 1
991	 2573	 1
992	 2574	 1
992	 2575	 -1
994	 2575	 1
993	 2576	 1
993	 2577	 -1
995	 2577	 1
994	 2578	 -1
996	 2578	 1
994	 2579	 1
995	 2580	 -1
997	 2580	 1
995	 2581	 1
996	 2582	 -1
998	 2582	 1
996	 2583	 1
997	 2584	 1
997	 2585	 -1
999	 2585	 1
998	 2586	 -1
1000	 2586	 1
998	 2587	 1
999	 2588	 1
999	 2589	 -1
1001	 2589	 1
1000	 2590	 1
1000	 2591	 -1
1002	 2591	 1
1001	 2592	 1
1001	 2593	 -1
1003	 2593	 1
1002	 2594	 -1
1004	 2594	 1
1002	 2595	 1
1003	 2596	 1
1003	 2597	 -1
1005	 2597	 1
1004	 2598	 1
1004	 2599	 -1
1006	 2599	 1
1005	 2600	 -1
1007	 2600	 1
1005	 2601	 1
1006	 2602	 1
1006	 2603	 -1
1008	 2603	 1
1007	 2604	 1
1007	 2605	 -1
1009	 2605	 1
1008	 2606	 1
1008	 2607	 -1
1010	 2607	 1
1009	 2608	 -1
1011	 2608	 1
1009	 2609	 1
1010	 2610	 1
1010	 2611	 -1
1012	 2611	 1
1011	 2612	 -1
1013	 2612	 1
1011	 2613	 1
1012	 2614	 -1
1014	 2614	 1
1012	 2615	 1
1013	 2616	 1
1013	 2617	 -1
1015	 2617	 1
1014	 2618	 1
1014	 2619	 -1
1016	 2619	 1
1015	 2620	 -1
1017	 2620	 1
1015	 2621	 1
1016	 2622	 1
1016	 2623	 -1
1018	 2623	 1
1017	 2624	 -1
1019	 2624	 1
1017	 2625	 1
1018	 2626	 1
1018	 2627	 -1
1020	 2627	 1
1019	 2628	 -1
1021	 2628	 1
1019	 2629	 1
1020	 2630	 -1
1022	 2630	 1
1020	 2631	 1
1021	 2632	 -1
1023	 2632	 1
1021	 2633	 1
1022	 2634	 -1
1024	 2634	 1
1022	 2635	 1
1023	 2636	 -1
1025	 2636	 1
1023	 2637	 1
1024	 2638	 1
1024	 2639	 -1
1026	 2639	 1
1025	 2640	 -1
1027	 2640	 1
1025	 2641	 1
1026	 2642	 -1
1028	 2642	 1
1026	 2643	 1
1027	 2644	 1
1027	 2645	 -1
1029	 2645	 1
1028	 2646	 1
1028	 2647	 -1
1030	 2647	 1
1029	 2648	 1
1029	 2649	 -1
1031	 2649	 1
1030	 2650	 1
1030	 2651	 -1
1032	 2651	 1
1031	 2652	 1
1031	 2653	 -1
1033	 2653	 1
1032	 2654	 -1
1034	 2654	 1
1032	 2655	 1
1033	 2656	 1
1033	 2657	 -1
1035	 2657	 1
1034	 2658	 1
1034	 2659	 -1
1036	 2659	 1
1035	 2660	 1
1035	 2661	 -1
1037	 2661	 1
1036	 2662	 1
1036	 2663	 -1
1038	 2663	 1
1037	 2664	 -1
1039	 2664	 1
1037	 2665	 1
1038	 2666	 1
1038	 2667	 -1
1040	 2667	 1
1039	 2668	 1
1039	 2669	 -1
1041	 2669	 1
1040	 2670	 1
1040	 2671	 -1
1042	 2671	 1
1041	 2672	 1
1041	 2673	 -1
1043	 2673	 1
1042	 2674	 1
1042	 2675	 -1
1044	 2675	 1
1043	 2676	 -1
1045	 2676	 1
1043	 2677	 1
1044	 2678	 1
1044	 2679	 -1
1046	 2679	 1
1045	 2680	 1
1045	 2681	 -1
1047	 2681	 1
1046	 2682	 -1
1048	 2682	 1
1046	 2683	 1
1047	 2684	 -1
1049	 2684	 1
1047	 2685	 1
1048	 2686	 -1
1050	 2686	 1
1048	 2687	 1
1049	 2688	 1
1049	 2689	 -1
1051	 2689	 1
1050	 2690	 1
1051	 2691	 1
1052	 2692	 -1
1053	 2692	 1
1052	 2693	 -1
1054	 2693	 1
1053	 2694	 -1
1055	 2694	 1
1054	 2695	 -1
1056	 2695	 1
1054	 2696	 -1
1055	 2696	 1
1055	 2697	 -1
1057	 2697	 1
1056	 2698	 -1
1057	 2698	 1
1056	 2699	 -1
1058	 2699	 1
1057	 2700	 -1
1059	 2700	 1
1058	 2701	 -1
1059	 2701	 1
1058	 2702	 -1
1060	 2702	 1
1059	 2703	 -1
1061	 2703	 1
1060	 2704	 -1
1062	 2704	 1
1060	 2705	 -1
1061	 2705	 1
1061	 2706	 -1
1063	 2706	 1
1062	 2707	 -1
1064	 2707	 1
1062	 2708	 -1
1063	 2708	 1
1063	 2709	 -1
1065	 2709	 1
1064	 2710	 -1
1065	 2710	 1
1064	 2711	 -1
1066	 2711	 1
1064	 2712	 -1
1105	 2712	 1
1064	 2713	 -1
1103	 2713	 1
1065	 2714	 -1
1067	 2714	 1
1066	 2715	 -1
1105	 2715	 1
1066	 2716	 -1
1067	 2716	 1
1066	 2717	 -1
1068	 2717	 1
1066	 2718	 -1
1107	 2718	 1
1067	 2719	 -1
1069	 2719	 1
1068	 2720	 -1
1107	 2720	 1
1068	 2721	 -1
1069	 2721	 1
1068	 2722	 -1
1080	 2722	 1
1068	 2723	 -1
1085	 2723	 1
1069	 2724	 -1
1081	 2724	 1
1070	 2725	 -1
1071	 2725	 1
1070	 2726	 -1
1076	 2726	 1
1070	 2727	 -1
1120	 2727	 1
1071	 2728	 -1
1074	 2728	 1
1071	 2729	 -1
1121	 2729	 1
1072	 2730	 -1
1077	 2730	 1
1072	 2731	 -1
1073	 2731	 1
1072	 2732	 -1
1122	 2732	 1
1073	 2733	 -1
1075	 2733	 1
1073	 2734	 -1
1123	 2734	 1
1074	 2735	 -1
1116	 2735	 1
1074	 2736	 -1
1075	 2736	 1
1075	 2737	 -1
1117	 2737	 1
1076	 2738	 -1
1077	 2738	 1
1076	 2739	 -1
1118	 2739	 1
1077	 2740	 -1
1119	 2740	 1
1078	 2741	 -1
1079	 2741	 1
1078	 2742	 -1
1086	 2742	 1
1078	 2743	 -1
1112	 2743	 1
1079	 2744	 -1
1113	 2744	 1
1079	 2745	 -1
1082	 2745	 1
1079	 2746	 -1
1124	 2746	 1
1079	 2747	 -1
1087	 2747	 1
1080	 2748	 -1
1085	 2748	 1
1080	 2749	 -1
1081	 2749	 1
1080	 2750	 -1
1114	 2750	 1
1081	 2751	 -1
1115	 2751	 1
1082	 2752	 -1
1124	 2752	 1
1082	 2753	 -1
1083	 2753	 1
1082	 2754	 -1
1108	 2754	 1
1083	 2755	 -1
1109	 2755	 1
1083	 2756	 -1
1125	 2756	 1
1084	 2757	 -1
1106	 2757	 1
1084	 2758	 -1
1085	 2758	 1
1084	 2759	 -1
1110	 2759	 1
1085	 2760	 -1
1107	 2760	 1
1085	 2761	 -1
1111	 2761	 1
1086	 2762	 -1
1087	 2762	 1
1086	 2763	 -1
1088	 2763	 1
1087	 2764	 -1
1124	 2764	 1
1087	 2765	 -1
1089	 2765	 1
1087	 2766	 -1
1126	 2766	 1
1088	 2767	 -1
1089	 2767	 1
1088	 2768	 -1
1090	 2768	 1
1089	 2769	 -1
1091	 2769	 1
1089	 2770	 -1
1128	 2770	 1
1089	 2771	 -1
1126	 2771	 1
1090	 2772	 -1
1091	 2772	 1
1090	 2773	 -1
1092	 2773	 1
1091	 2774	 -1
1093	 2774	 1
1091	 2775	 -1
1128	 2775	 1
1092	 2776	 -1
1094	 2776	 1
1092	 2777	 -1
1093	 2777	 1
1093	 2778	 -1
1095	 2778	 1
1094	 2779	 -1
1096	 2779	 1
1094	 2780	 -1
1095	 2780	 1
1095	 2781	 -1
1097	 2781	 1
1096	 2782	 -1
1097	 2782	 1
1098	 2783	 -1
1100	 2783	 1
1098	 2784	 -1
1099	 2784	 1
1099	 2785	 -1
1101	 2785	 1
1100	 2786	 -1
1102	 2786	 1
1100	 2787	 -1
1101	 2787	 1
1101	 2788	 -1
1103	 2788	 1
1102	 2789	 -1
1103	 2789	 1
1102	 2790	 -1
1104	 2790	 1
1103	 2791	 -1
1105	 2791	 1
1104	 2792	 -1
1106	 2792	 1
1104	 2793	 -1
1105	 2793	 1
1105	 2794	 -1
1107	 2794	 1
1106	 2795	 -1
1107	 2795	 1
1108	 2796	 -1
1116	 2796	 1
1108	 2797	 -1
1109	 2797	 1
1108	 2798	 -1
1113	 2798	 1
1109	 2799	 -1
1117	 2799	 1
1110	 2800	 -1
1118	 2800	 1
1110	 2801	 -1
1111	 2801	 1
1111	 2802	 -1
1114	 2802	 1
1111	 2803	 -1
1119	 2803	 1
1112	 2804	 -1
1120	 2804	 1
1112	 2805	 -1
1113	 2805	 1
1113	 2806	 -1
1121	 2806	 1
1114	 2807	 -1
1122	 2807	 1
1114	 2808	 -1
1115	 2808	 1
1115	 2809	 -1
1123	 2809	 1
1116	 2810	 -1
1117	 2810	 1
1116	 2811	 -1
1121	 2811	 1
1118	 2812	 -1
1119	 2812	 1
1119	 2813	 -1
1122	 2813	 1
1120	 2814	 -1
1121	 2814	 1
1122	 2815	 -1
1123	 2815	 1
1124	 2816	 -1
1126	 2816	 1
1124	 2817	 -1
1125	 2817	 1
1125	 2818	 -1
1127	 2818	 1
1126	 2819	 -1
1127	 2819	 1
1126	 2820	 -1
1128	 2820	 1
1127	 2821	 -1
1129	 2821	 1
1128	 2822	 -1
1130	 2822	 1
1128	 2823	 -1
1129	 2823	 1
1129	 2824	 -1
1131	 2824	 1
1130	 2825	 -1
1132	 2825	 1
1130	 2826	 -1
1131	 2826	 1
1131	 2827	 -1
1133	 2827	 1
1132	 2828	 -1
1133	 2828	 1
1134	 2829	 -1
1136	 2829	 1
1134	 2830	 -1
1135	 2830	 1
1135	 2831	 -1
1137	 2831	 1
1136	 2832	 -1
1137	 2832	 1
1136	 2833	 -1
1138	 2833	 1
1137	 2834	 -1
1139	 2834	 1
1138	 2835	 -1
1139	 2835	 1
1138	 2836	 -1
1140	 2836	 1
1139	 2837	 -1
1141	 2837	 1
1140	 2838	 -1
1142	 2838	 1
1140	 2839	 -1
1141	 2839	 1
1141	 2840	 -1
1143	 2840	 1
1142	 2841	 -1
1143	 2841	 1
1142	 2842	 -1
1144	 2842	 1
1143	 2843	 -1
1145	 2843	 1
1144	 2844	 -1
1145	 2844	 1
1144	 2845	 -1
1146	 2845	 1
1145	 2846	 -1
1147	 2846	 1
1146	 2847	 -1
1147	 2847	 1
1146	 2848	 -1
1148	 2848	 1
1147	 2849	 -1
1149	 2849	 1
1148	 2850	 -1
1150	 2850	 1
1148	 2851	 -1
1149	 2851	 1
1149	 2852	 -1
1151	 2852	 1
1150	 2853	 -1
1151	 2853	 1
1150	 2854	 -1
1152	 2854	 1
1151	 2855	 -1
1153	 2855	 1
1152	 2856	 -1
1154	 2856	 1
1152	 2857	 -1
1153	 2857	 1
1153	 2858	 -1
1155	 2858	 1
1154	 2859	 -1
1156	 2859	 1
1154	 2860	 -1
1155	 2860	 1
1155	 2861	 -1
1157	 2861	 1
1156	 2862	 -1
1158	 2862	 1
1156	 2863	 -1
1157	 2863	 1
1157	 2864	 -1
1159	 2864	 1
1158	 2865	 -1
1159	 2865	 1
1158	 2866	 -1
1160	 2866	 1
1159	 2867	 -1
1161	 2867	 1
1160	 2868	 -1
1161	 2868	 1
1160	 2869	 -1
1162	 2869	 1
1161	 2870	 -1
1163	 2870	 1
1162	 2871	 -1
1163	 2871	 1
1162	 2872	 -1
1164	 2872	 1
1163	 2873	 -1
1165	 2873	 1
1164	 2874	 -1
1165	 2874	 1
1164	 2875	 -1
1166	 2875	 1
1165	 2876	 -1
1167	 2876	 1
1166	 2877	 -1
1168	 2877	 1
1166	 2878	 -1
1167	 2878	 1
1167	 2879	 -1
1169	 2879	 1
1168	 2880	 -1
1170	 2880	 1
1168	 2881	 -1
1169	 2881	 1
1169	 2882	 -1
1171	 2882	 1
1170	 2883	 -1
1171	 2883	 1
1170	 2884	 -1
1172	 2884	 1
1171	 2885	 -1
1173	 2885	 1
1172	 2886	 -1
1173	 2886	 1
1172	 2887	 -1
1174	 2887	 1
1173	 2888	 -1
1175	 2888	 1
1174	 2889	 -1
1175	 2889	 1
1174	 2890	 -1
1176	 2890	 1
1175	 2891	 -1
1177	 2891	 1
1176	 2892	 -1
1177	 2892	 1
1178	 2893	 -1
1180	 2893	 1
1178	 2894	 -1
1179	 2894	 1
1179	 2895	 -1
1181	 2895	 1
1180	 2896	 -1
1181	 2896	 1
1180	 2897	 -1
1182	 2897	 1
1181	 2898	 -1
1183	 2898	 1
1182	 2899	 -1
1183	 2899	 1
1182	 2900	 -1
1184	 2900	 1
1183	 2901	 -1
1185	 2901	 1
1184	 2902	 -1
1473	 2902	 1
1184	 2903	 -1
1185	 2903	 1
1184	 2904	 -1
1196	 2904	 1
1185	 2905	 -1
1197	 2905	 1
1186	 2906	 -1
1192	 2906	 1
1186	 2907	 -1
1478	 2907	 1
1186	 2908	 -1
1187	 2908	 1
1186	 2909	 -1
1486	 2909	 1
1187	 2910	 -1
1479	 2910	 1
1187	 2911	 -1
1190	 2911	 1
1187	 2912	 -1
1487	 2912	 1
1188	 2913	 -1
1488	 2913	 1
1188	 2914	 -1
1193	 2914	 1
1188	 2915	 -1
1480	 2915	 1
1188	 2916	 -1
1189	 2916	 1
1189	 2917	 -1
1489	 2917	 1
1189	 2918	 -1
1191	 2918	 1
1189	 2919	 -1
1481	 2919	 1
1190	 2920	 -1
1474	 2920	 1
1190	 2921	 -1
1191	 2921	 1
1190	 2922	 -1
1482	 2922	 1
1191	 2923	 -1
1475	 2923	 1
1191	 2924	 -1
1483	 2924	 1
1192	 2925	 -1
1484	 2925	 1
1192	 2926	 -1
1193	 2926	 1
1192	 2927	 -1
1476	 2927	 1
1193	 2928	 -1
1485	 2928	 1
1193	 2929	 -1
1477	 2929	 1
1194	 2930	 -1
1200	 2930	 1
1194	 2931	 -1
1472	 2931	 1
1194	 2932	 -1
1202	 2932	 1
1194	 2933	 -1
1195	 2933	 1
1194	 2934	 -1
1486	 2934	 1
1195	 2935	 -1
1203	 2935	 1
1195	 2936	 -1
1198	 2936	 1
1195	 2937	 -1
1487	 2937	 1
1196	 2938	 -1
1197	 2938	 1
1196	 2939	 -1
1473	 2939	 1
1196	 2940	 -1
1201	 2940	 1
1196	 2941	 -1
1488	 2941	 1
1197	 2942	 -1
1199	 2942	 1
1197	 2943	 -1
1489	 2943	 1
1198	 2944	 -1
1482	 2944	 1
1198	 2945	 -1
1199	 2945	 1
1198	 2946	 -1
1490	 2946	 1
1199	 2947	 -1
1483	 2947	 1
1199	 2948	 -1
1491	 2948	 1
1200	 2949	 -1
1484	 2949	 1
1200	 2950	 -1
1201	 2950	 1
1200	 2951	 -1
1472	 2951	 1
1201	 2952	 -1
1473	 2952	 1
1201	 2953	 -1
1485	 2953	 1
1202	 2954	 -1
1204	 2954	 1
1202	 2955	 -1
1203	 2955	 1
1203	 2956	 -1
1205	 2956	 1
1204	 2957	 -1
1206	 2957	 1
1204	 2958	 -1
1205	 2958	 1
1205	 2959	 -1
1207	 2959	 1
1206	 2960	 -1
1208	 2960	 1
1206	 2961	 -1
1207	 2961	 1
1207	 2962	 -1
1209	 2962	 1
1208	 2963	 -1
1210	 2963	 1
1208	 2964	 -1
1209	 2964	 1
1209	 2965	 -1
1211	 2965	 1
1210	 2966	 -1
1211	 2966	 1
1210	 2967	 -1
1212	 2967	 1
1211	 2968	 -1
1213	 2968	 1
1212	 2969	 -1
1213	 2969	 1
1212	 2970	 -1
1214	 2970	 1
1213	 2971	 -1
1215	 2971	 1
1214	 2972	 -1
1216	 2972	 1
1214	 2973	 -1
1215	 2973	 1
1215	 2974	 -1
1217	 2974	 1
1216	 2975	 -1
1217	 2975	 1
1216	 2976	 -1
1218	 2976	 1
1217	 2977	 -1
1219	 2977	 1
1218	 2978	 -1
1220	 2978	 1
1218	 2979	 -1
1219	 2979	 1
1219	 2980	 -1
1221	 2980	 1
1220	 2981	 -1
1222	 2981	 1
1220	 2982	 -1
1221	 2982	 1
1221	 2983	 -1
1223	 2983	 1
1222	 2984	 -1
1223	 2984	 1
1222	 2985	 -1
1224	 2985	 1
1223	 2986	 -1
1225	 2986	 1
1224	 2987	 -1
1225	 2987	 1
1224	 2988	 -1
1226	 2988	 1
1225	 2989	 -1
1227	 2989	 1
1226	 2990	 -1
1228	 2990	 1
1226	 2991	 -1
1227	 2991	 1
1227	 2992	 -1
1229	 2992	 1
1228	 2993	 -1
1229	 2993	 1
1230	 2994	 -1
1231	 2994	 1
1230	 2995	 -1
1232	 2995	 1
1230	 2996	 -1
1417	 2996	 1
1230	 2997	 -1
1415	 2997	 1
1231	 2998	 -1
1233	 2998	 1
1232	 2999	 -1
1417	 2999	 1
1232	 3000	 -1
1234	 3000	 1
1232	 3001	 -1
1233	 3001	 1
1233	 3002	 -1
1235	 3002	 1
1234	 3003	 -1
1251	 3003	 1
1234	 3004	 -1
1417	 3004	 1
1234	 3005	 -1
1235	 3005	 1
1234	 3006	 -1
1246	 3006	 1
1235	 3007	 -1
1247	 3007	 1
1236	 3008	 -1
1237	 3008	 1
1236	 3009	 -1
1242	 3009	 1
1236	 3010	 -1
1430	 3010	 1
1237	 3011	 -1
1431	 3011	 1
1237	 3012	 -1
1240	 3012	 1
1238	 3013	 -1
1243	 3013	 1
1238	 3014	 -1
1239	 3014	 1
1238	 3015	 -1
1432	 3015	 1
1239	 3016	 -1
1241	 3016	 1
1239	 3017	 -1
1433	 3017	 1
1240	 3018	 -1
1241	 3018	 1
1240	 3019	 -1
1426	 3019	 1
1241	 3020	 -1
1427	 3020	 1
1242	 3021	 -1
1428	 3021	 1
1242	 3022	 -1
1243	 3022	 1
1243	 3023	 -1
1429	 3023	 1
1244	 3024	 -1
1252	 3024	 1
1244	 3025	 -1
1245	 3025	 1
1244	 3026	 -1
1422	 3026	 1
1245	 3027	 -1
1423	 3027	 1
1245	 3028	 -1
1253	 3028	 1
1245	 3029	 -1
1434	 3029	 1
1245	 3030	 -1
1248	 3030	 1
1246	 3031	 -1
1247	 3031	 1
1246	 3032	 -1
1251	 3032	 1
1246	 3033	 -1
1424	 3033	 1
1247	 3034	 -1
1425	 3034	 1
1248	 3035	 -1
1249	 3035	 1
1248	 3036	 -1
1434	 3036	 1
1248	 3037	 -1
1418	 3037	 1
1249	 3038	 -1
1435	 3038	 1
1249	 3039	 -1
1419	 3039	 1
1250	 3040	 -1
1251	 3040	 1
1250	 3041	 -1
1416	 3041	 1
1250	 3042	 -1
1420	 3042	 1
1251	 3043	 -1
1421	 3043	 1
1251	 3044	 -1
1417	 3044	 1
1252	 3045	 -1
1253	 3045	 1
1252	 3046	 -1
1254	 3046	 1
1253	 3047	 -1
1255	 3047	 1
1253	 3048	 -1
1436	 3048	 1
1253	 3049	 -1
1434	 3049	 1
1254	 3050	 -1
1256	 3050	 1
1254	 3051	 -1
1255	 3051	 1
1255	 3052	 -1
1436	 3052	 1
1255	 3053	 -1
1257	 3053	 1
1256	 3054	 -1
1257	 3054	 1
1256	 3055	 -1
1258	 3055	 1
1257	 3056	 -1
1259	 3056	 1
1258	 3057	 -1
1259	 3057	 1
1258	 3058	 -1
1260	 3058	 1
1259	 3059	 -1
1261	 3059	 1
1260	 3060	 -1
1261	 3060	 1
1260	 3061	 -1
1262	 3061	 1
1261	 3062	 -1
1263	 3062	 1
1262	 3063	 -1
1264	 3063	 1
1262	 3064	 -1
1263	 3064	 1
1263	 3065	 -1
1265	 3065	 1
1264	 3066	 -1
1265	 3066	 1
1264	 3067	 -1
1266	 3067	 1
1265	 3068	 -1
1267	 3068	 1
1266	 3069	 -1
1268	 3069	 1
1266	 3070	 -1
1267	 3070	 1
1267	 3071	 -1
1269	 3071	 1
1268	 3072	 -1
1269	 3072	 1
1268	 3073	 -1
1270	 3073	 1
1269	 3074	 -1
1271	 3074	 1
1270	 3075	 -1
1271	 3075	 1
1270	 3076	 -1
1272	 3076	 1
1271	 3077	 -1
1273	 3077	 1
1272	 3078	 -1
1273	 3078	 1
1272	 3079	 -1
1274	 3079	 1
1273	 3080	 -1
1275	 3080	 1
1274	 3081	 -1
1275	 3081	 1
1274	 3082	 -1
1276	 3082	 1
1275	 3083	 -1
1277	 3083	 1
1276	 3084	 -1
1277	 3084	 1
1276	 3085	 -1
1278	 3085	 1
1277	 3086	 -1
1279	 3086	 1
1278	 3087	 -1
1279	 3087	 1
1278	 3088	 -1
1280	 3088	 1
1279	 3089	 -1
1281	 3089	 1
1280	 3090	 -1
1357	 3090	 1
1280	 3091	 -1
1355	 3091	 1
1280	 3092	 -1
1281	 3092	 1
1280	 3093	 -1
1284	 3093	 1
1281	 3094	 -1
1285	 3094	 1
1282	 3095	 -1
1298	 3095	 1
1282	 3096	 -1
1283	 3096	 1
1282	 3097	 -1
1290	 3097	 1
1283	 3098	 -1
1299	 3098	 1
1283	 3099	 -1
1374	 3099	 1
1283	 3100	 -1
1286	 3100	 1
1283	 3101	 -1
1291	 3101	 1
1284	 3102	 -1
1289	 3102	 1
1284	 3103	 -1
1357	 3103	 1
1284	 3104	 -1
1285	 3104	 1
1284	 3105	 -1
1292	 3105	 1
1285	 3106	 -1
1293	 3106	 1
1286	 3107	 -1
1374	 3107	 1
1286	 3108	 -1
1287	 3108	 1
1286	 3109	 -1
1294	 3109	 1
1287	 3110	 -1
1375	 3110	 1
1287	 3111	 -1
1295	 3111	 1
1288	 3112	 -1
1356	 3112	 1
1288	 3113	 -1
1289	 3113	 1
1288	 3114	 -1
1296	 3114	 1
1289	 3115	 -1
1357	 3115	 1
1289	 3116	 -1
1297	 3116	 1
1290	 3117	 -1
1362	 3117	 1
1290	 3118	 -1
1291	 3118	 1
1291	 3119	 -1
1294	 3119	 1
1291	 3120	 -1
1363	 3120	 1
1292	 3121	 -1
1297	 3121	 1
1292	 3122	 -1
1293	 3122	 1
1292	 3123	 -1
1364	 3123	 1
1293	 3124	 -1
1365	 3124	 1
1294	 3125	 -1
1358	 3125	 1
1294	 3126	 -1
1295	 3126	 1
1295	 3127	 -1
1359	 3127	 1
1296	 3128	 -1
1360	 3128	 1
1296	 3129	 -1
1297	 3129	 1
1297	 3130	 -1
1361	 3130	 1
1298	 3131	 -1
1300	 3131	 1
1298	 3132	 -1
1299	 3132	 1
1299	 3133	 -1
1374	 3133	 1
1299	 3134	 -1
1301	 3134	 1
1299	 3135	 -1
1378	 3135	 1
1299	 3136	 -1
1376	 3136	 1
1300	 3137	 -1
1301	 3137	 1
1300	 3138	 -1
1327	 3138	 1
1300	 3139	 -1
1302	 3139	 1
1301	 3140	 -1
1303	 3140	 1
1301	 3141	 -1
1378	 3141	 1
1302	 3142	 -1
1304	 3142	 1
1302	 3143	 -1
1303	 3143	 1
1302	 3144	 -1
1327	 3144	 1
1302	 3145	 -1
1329	 3145	 1
1303	 3146	 -1
1305	 3146	 1
1304	 3147	 -1
1333	 3147	 1
1304	 3148	 -1
1329	 3148	 1
1304	 3149	 -1
1305	 3149	 1
1304	 3150	 -1
1336	 3150	 1
1305	 3151	 -1
1331	 3151	 1
1305	 3152	 -1
1339	 3152	 1
1305	 3153	 -1
1337	 3153	 1
1306	 3154	 -1
1334	 3154	 1
1306	 3155	 -1
1307	 3155	 1
1306	 3156	 -1
1312	 3156	 1
1307	 3157	 -1
1335	 3157	 1
1307	 3158	 -1
1310	 3158	 1
1308	 3159	 -1
1313	 3159	 1
1308	 3160	 -1
1309	 3160	 1
1308	 3161	 -1
1336	 3161	 1
1309	 3162	 -1
1311	 3162	 1
1309	 3163	 -1
1337	 3163	 1
1310	 3164	 -1
1311	 3164	 1
1310	 3165	 -1
1330	 3165	 1
1311	 3166	 -1
1331	 3166	 1
1312	 3167	 -1
1313	 3167	 1
1312	 3168	 -1
1332	 3168	 1
1313	 3169	 -1
1333	 3169	 1
1314	 3170	 -1
1315	 3170	 1
1314	 3171	 -1
1334	 3171	 1
1314	 3172	 -1
1332	 3172	 1
1314	 3173	 -1
1328	 3173	 1
1315	 3174	 -1
1335	 3174	 1
1315	 3175	 -1
1338	 3175	 1
1315	 3176	 -1
1330	 3176	 1
1316	 3177	 -1
1318	 3177	 1
1316	 3178	 -1
1317	 3178	 1
1317	 3179	 -1
1319	 3179	 1
1318	 3180	 -1
1320	 3180	 1
1318	 3181	 -1
1319	 3181	 1
1319	 3182	 -1
1321	 3182	 1
1320	 3183	 -1
1321	 3183	 1
1320	 3184	 -1
1322	 3184	 1
1321	 3185	 -1
1323	 3185	 1
1322	 3186	 -1
1324	 3186	 1
1322	 3187	 -1
1323	 3187	 1
1323	 3188	 -1
1325	 3188	 1
1324	 3189	 -1
1326	 3189	 1
1324	 3190	 -1
1325	 3190	 1
1325	 3191	 -1
1327	 3191	 1
1326	 3192	 -1
1327	 3192	 1
1326	 3193	 -1
1328	 3193	 1
1327	 3194	 -1
1329	 3194	 1
1328	 3195	 -1
1329	 3195	 1
1328	 3196	 -1
1332	 3196	 1
1329	 3197	 -1
1333	 3197	 1
1330	 3198	 -1
1331	 3198	 1
1330	 3199	 -1
1338	 3199	 1
1330	 3200	 -1
1335	 3200	 1
1331	 3201	 -1
1339	 3201	 1
1331	 3202	 -1
1337	 3202	 1
1332	 3203	 -1
1334	 3203	 1
1332	 3204	 -1
1333	 3204	 1
1333	 3205	 -1
1336	 3205	 1
1334	 3206	 -1
1335	 3206	 1
1336	 3207	 -1
1337	 3207	 1
1338	 3208	 -1
1339	 3208	 1
1340	 3209	 -1
1342	 3209	 1
1340	 3210	 -1
1341	 3210	 1
1341	 3211	 -1
1343	 3211	 1
1342	 3212	 -1
1344	 3212	 1
1342	 3213	 -1
1343	 3213	 1
1343	 3214	 -1
1345	 3214	 1
1344	 3215	 -1
1346	 3215	 1
1344	 3216	 -1
1345	 3216	 1
1345	 3217	 -1
1347	 3217	 1
1346	 3218	 -1
1348	 3218	 1
1346	 3219	 -1
1347	 3219	 1
1347	 3220	 -1
1349	 3220	 1
1348	 3221	 -1
1350	 3221	 1
1348	 3222	 -1
1349	 3222	 1
1349	 3223	 -1
1351	 3223	 1
1350	 3224	 -1
1352	 3224	 1
1350	 3225	 -1
1351	 3225	 1
1351	 3226	 -1
1353	 3226	 1
1352	 3227	 -1
1353	 3227	 1
1352	 3228	 -1
1354	 3228	 1
1353	 3229	 -1
1355	 3229	 1
1354	 3230	 -1
1355	 3230	 1
1354	 3231	 -1
1356	 3231	 1
1355	 3232	 -1
1357	 3232	 1
1356	 3233	 -1
1357	 3233	 1
1358	 3234	 -1
1366	 3234	 1
1358	 3235	 -1
1359	 3235	 1
1358	 3236	 -1
1363	 3236	 1
1359	 3237	 -1
1367	 3237	 1
1360	 3238	 -1
1368	 3238	 1
1360	 3239	 -1
1361	 3239	 1
1361	 3240	 -1
1369	 3240	 1
1361	 3241	 -1
1364	 3241	 1
1362	 3242	 -1
1363	 3242	 1
1362	 3243	 -1
1370	 3243	 1
1363	 3244	 -1
1371	 3244	 1
1364	 3245	 -1
1372	 3245	 1
1364	 3246	 -1
1365	 3246	 1
1365	 3247	 -1
1373	 3247	 1
1366	 3248	 -1
1371	 3248	 1
1366	 3249	 -1
1367	 3249	 1
1367	 3250	 -1
1373	 3250	 1
1368	 3251	 -1
1369	 3251	 1
1368	 3252	 -1
1370	 3252	 1
1369	 3253	 -1
1372	 3253	 1
1370	 3254	 -1
1371	 3254	 1
1372	 3255	 -1
1373	 3255	 1
1374	 3256	 -1
1375	 3256	 1
1374	 3257	 -1
1376	 3257	 1
1375	 3258	 -1
1377	 3258	 1
1376	 3259	 -1
1377	 3259	 1
1376	 3260	 -1
1378	 3260	 1
1377	 3261	 -1
1379	 3261	 1
1378	 3262	 -1
1379	 3262	 1
1380	 3263	 -1
1501	 3263	 1
1380	 3264	 -1
1382	 3264	 1
1380	 3265	 -1
1381	 3265	 1
1381	 3266	 -1
1383	 3266	 1
1382	 3267	 -1
1394	 3267	 1
1382	 3268	 -1
1383	 3268	 1
1382	 3269	 -1
1501	 3269	 1
1382	 3270	 -1
1399	 3270	 1
1383	 3271	 -1
1395	 3271	 1
1384	 3272	 -1
1390	 3272	 1
1384	 3273	 -1
1385	 3273	 1
1384	 3274	 -1
1514	 3274	 1
1385	 3275	 -1
1388	 3275	 1
1385	 3276	 -1
1515	 3276	 1
1386	 3277	 -1
1391	 3277	 1
1386	 3278	 -1
1516	 3278	 1
1386	 3279	 -1
1387	 3279	 1
1387	 3280	 -1
1517	 3280	 1
1387	 3281	 -1
1389	 3281	 1
1388	 3282	 -1
1389	 3282	 1
1388	 3283	 -1
1510	 3283	 1
1389	 3284	 -1
1511	 3284	 1
1390	 3285	 -1
1391	 3285	 1
1390	 3286	 -1
1512	 3286	 1
1391	 3287	 -1
1513	 3287	 1
1392	 3288	 -1
1393	 3288	 1
1392	 3289	 -1
1400	 3289	 1
1392	 3290	 -1
1506	 3290	 1
1393	 3291	 -1
1396	 3291	 1
1393	 3292	 -1
1518	 3292	 1
1393	 3293	 -1
1401	 3293	 1
1393	 3294	 -1
1507	 3294	 1
1394	 3295	 -1
1395	 3295	 1
1394	 3296	 -1
1399	 3296	 1
1394	 3297	 -1
1508	 3297	 1
1395	 3298	 -1
1509	 3298	 1
1396	 3299	 -1
1518	 3299	 1
1396	 3300	 -1
1397	 3300	 1
1396	 3301	 -1
1502	 3301	 1
1397	 3302	 -1
1519	 3302	 1
1397	 3303	 -1
1503	 3303	 1
1398	 3304	 -1
1500	 3304	 1
1398	 3305	 -1
1399	 3305	 1
1398	 3306	 -1
1504	 3306	 1
1399	 3307	 -1
1501	 3307	 1
1399	 3308	 -1
1505	 3308	 1
1400	 3309	 -1
1402	 3309	 1
1400	 3310	 -1
1401	 3310	 1
1401	 3311	 -1
1403	 3311	 1
1401	 3312	 -1
1520	 3312	 1
1401	 3313	 -1
1518	 3313	 1
1402	 3314	 -1
1404	 3314	 1
1402	 3315	 -1
1403	 3315	 1
1403	 3316	 -1
1405	 3316	 1
1404	 3317	 -1
1406	 3317	 1
1404	 3318	 -1
1405	 3318	 1
1405	 3319	 -1
1407	 3319	 1
1406	 3320	 -1
1407	 3320	 1
1406	 3321	 -1
1408	 3321	 1
1407	 3322	 -1
1409	 3322	 1
1408	 3323	 -1
1410	 3323	 1
1408	 3324	 -1
1409	 3324	 1
1409	 3325	 -1
1411	 3325	 1
1410	 3326	 -1
1412	 3326	 1
1410	 3327	 -1
1411	 3327	 1
1411	 3328	 -1
1413	 3328	 1
1412	 3329	 -1
1414	 3329	 1
1412	 3330	 -1
1413	 3330	 1
1413	 3331	 -1
1415	 3331	 1
1414	 3332	 -1
1415	 3332	 1
1414	 3333	 -1
1416	 3333	 1
1415	 3334	 -1
1417	 3334	 1
1416	 3335	 -1
1417	 3335	 1
1418	 3336	 -1
1423	 3336	 1
1418	 3337	 -1
1426	 3337	 1
1418	 3338	 -1
1419	 3338	 1
1419	 3339	 -1
1427	 3339	 1
1420	 3340	 -1
1428	 3340	 1
1420	 3341	 -1
1421	 3341	 1
1421	 3342	 -1
1429	 3342	 1
1421	 3343	 -1
1424	 3343	 1
1422	 3344	 -1
1430	 3344	 1
1422	 3345	 -1
1423	 3345	 1
1423	 3346	 -1
1431	 3346	 1
1424	 3347	 -1
1425	 3347	 1
1424	 3348	 -1
1432	 3348	 1
1425	 3349	 -1
1433	 3349	 1
1426	 3350	 -1
1427	 3350	 1
1426	 3351	 -1
1431	 3351	 1
1428	 3352	 -1
1429	 3352	 1
1429	 3353	 -1
1432	 3353	 1
1430	 3354	 -1
1431	 3354	 1
1432	 3355	 -1
1433	 3355	 1
1434	 3356	 -1
1436	 3356	 1
1434	 3357	 -1
1435	 3357	 1
1435	 3358	 -1
1437	 3358	 1
1436	 3359	 -1
1437	 3359	 1
1436	 3360	 -1
1438	 3360	 1
1437	 3361	 -1
1439	 3361	 1
1438	 3362	 -1
1439	 3362	 1
1438	 3363	 -1
1440	 3363	 1
1439	 3364	 -1
1441	 3364	 1
1440	 3365	 -1
1441	 3365	 1
1440	 3366	 -1
1442	 3366	 1
1441	 3367	 -1
1443	 3367	 1
1442	 3368	 -1
1443	 3368	 1
1442	 3369	 -1
1444	 3369	 1
1443	 3370	 -1
1445	 3370	 1
1444	 3371	 -1
1445	 3371	 1
1446	 3372	 -1
1447	 3372	 1
1446	 3373	 -1
1448	 3373	 1
1447	 3374	 -1
1449	 3374	 1
1448	 3375	 -1
1450	 3375	 1
1448	 3376	 -1
1449	 3376	 1
1449	 3377	 -1
1451	 3377	 1
1450	 3378	 -1
1451	 3378	 1
1450	 3379	 -1
1452	 3379	 1
1451	 3380	 -1
1453	 3380	 1
1452	 3381	 -1
1453	 3381	 1
1452	 3382	 -1
1454	 3382	 1
1453	 3383	 -1
1455	 3383	 1
1454	 3384	 -1
1456	 3384	 1
1454	 3385	 -1
1455	 3385	 1
1455	 3386	 -1
1457	 3386	 1
1456	 3387	 -1
1457	 3387	 1
1456	 3388	 -1
1458	 3388	 1
1457	 3389	 -1
1459	 3389	 1
1458	 3390	 -1
1460	 3390	 1
1458	 3391	 -1
1459	 3391	 1
1459	 3392	 -1
1461	 3392	 1
1460	 3393	 -1
1462	 3393	 1
1460	 3394	 -1
1461	 3394	 1
1461	 3395	 -1
1463	 3395	 1
1462	 3396	 -1
1463	 3396	 1
1462	 3397	 -1
1464	 3397	 1
1463	 3398	 -1
1465	 3398	 1
1464	 3399	 -1
1465	 3399	 1
1464	 3400	 -1
1466	 3400	 1
1465	 3401	 -1
1467	 3401	 1
1466	 3402	 -1
1467	 3402	 1
1468	 3403	 -1
1469	 3403	 1
1468	 3404	 -1
1470	 3404	 1
1469	 3405	 -1
1471	 3405	 1
1470	 3406	 -1
1472	 3406	 1
1470	 3407	 -1
1471	 3407	 1
1471	 3408	 -1
1473	 3408	 1
1472	 3409	 -1
1473	 3409	 1
1474	 3410	 -1
1479	 3410	 1
1474	 3411	 -1
1475	 3411	 1
1475	 3412	 -1
1481	 3412	 1
1476	 3413	 -1
1477	 3413	 1
1476	 3414	 -1
1478	 3414	 1
1477	 3415	 -1
1480	 3415	 1
1478	 3416	 -1
1479	 3416	 1
1480	 3417	 -1
1481	 3417	 1
1482	 3418	 -1
1483	 3418	 1
1482	 3419	 -1
1487	 3419	 1
1483	 3420	 -1
1489	 3420	 1
1484	 3421	 -1
1486	 3421	 1
1484	 3422	 -1
1485	 3422	 1
1485	 3423	 -1
1488	 3423	 1
1486	 3424	 -1
1487	 3424	 1
1488	 3425	 -1
1489	 3425	 1
1490	 3426	 -1
1492	 3426	 1
1490	 3427	 -1
1491	 3427	 1
1491	 3428	 -1
1493	 3428	 1
1492	 3429	 -1
1493	 3429	 1
1492	 3430	 -1
1494	 3430	 1
1493	 3431	 -1
1495	 3431	 1
1494	 3432	 -1
1495	 3432	 1
1494	 3433	 -1
1496	 3433	 1
1495	 3434	 -1
1497	 3434	 1
1496	 3435	 -1
1497	 3435	 1
1496	 3436	 -1
1498	 3436	 1
1497	 3437	 -1
1499	 3437	 1
1498	 3438	 -1
1500	 3438	 1
1498	 3439	 -1
1499	 3439	 1
1499	 3440	 -1
1501	 3440	 1
1500	 3441	 -1
1501	 3441	 1
1502	 3442	 -1
1510	 3442	 1
1502	 3443	 -1
1507	 3443	 1
1502	 3444	 -1
1503	 3444	 1
1503	 3445	 -1
1511	 3445	 1
1504	 3446	 -1
1512	 3446	 1
1504	 3447	 -1
1505	 3447	 1
1505	 3448	 -1
1513	 3448	 1
1505	 3449	 -1
1508	 3449	 1
1506	 3450	 -1
1514	 3450	 1
1506	 3451	 -1
1507	 3451	 1
1507	 3452	 -1
1515	 3452	 1
1508	 3453	 -1
1509	 3453	 1
1508	 3454	 -1
1516	 3454	 1
1509	 3455	 -1
1517	 3455	 1
1510	 3456	 -1
1511	 3456	 1
1510	 3457	 -1
1515	 3457	 1
1512	 3458	 -1
1513	 3458	 1
1513	 3459	 -1
1516	 3459	 1
1514	 3460	 -1
1515	 3460	 1
1516	 3461	 -1
1517	 3461	 1
1518	 3462	 -1
1520	 3462	 1
1518	 3463	 -1
1519	 3463	 1
1519	 3464	 -1
1521	 3464	 1
1520	 3465	 -1
1521	 3465	 1
