1	 124	 1
1	 123	 1
2	 123	 1
2	 316	 1
3	 316	 1
3	 29	 1
4	 29	 1
4	 124	 1
5	 330	 1
5	 123	 1
6	 124	 1
6	 329	 1
7	 329	 1
7	 330	 1
8	 1666	 1
8	 329	 1
9	 330	 1
9	 1413	 1
10	 1413	 1
10	 1666	 1
11	 1664	 1
11	 1414	 1
12	 1414	 1
12	 1413	 1
13	 1666	 1
13	 1664	 1
14	 1664	 1
14	 1409	 1
15	 1409	 1
15	 687	 1
16	 687	 1
16	 1414	 1
17	 687	 1
17	 685	 1
18	 685	 1
18	 1405	 1
19	 1405	 1
19	 1409	 1
20	 1407	 1
20	 678	 1
21	 678	 1
21	 685	 1
22	 1405	 1
22	 1407	 1
23	 1407	 1
23	 1044	 1
24	 1044	 1
24	 1401	 1
25	 1401	 1
25	 678	 1
26	 1400	 1
26	 684	 1
27	 684	 1
27	 1044	 1
28	 1401	 1
28	 1400	 1
29	 1094	 1
29	 1093	 1
30	 1093	 1
30	 684	 1
31	 1400	 1
31	 1094	 1
32	 1094	 1
32	 1092	 1
33	 1092	 1
33	 1091	 1
34	 1091	 1
34	 1093	 1
35	 1806	 1
35	 1091	 1
36	 1092	 1
36	 1676	 1
37	 1676	 1
37	 1806	 1
38	 1676	 1
38	 1675	 1
39	 1675	 1
39	 1804	 1
40	 1804	 1
40	 1806	 1
41	 1804	 1
41	 1436	 1
42	 1436	 1
42	 1435	 1
43	 1435	 1
43	 1675	 1
44	 1435	 1
44	 1063	 1
45	 1063	 1
45	 1068	 1
46	 1068	 1
46	 1436	 1
47	 1438	 1
47	 695	 1
48	 695	 1
48	 1063	 1
49	 1068	 1
49	 1438	 1
50	 1680	 1
50	 696	 1
51	 696	 1
51	 695	 1
52	 1438	 1
52	 1680	 1
53	 1678	 1
53	 1070	 1
54	 1070	 1
54	 696	 1
55	 1680	 1
55	 1678	 1
56	 1070	 1
56	 1071	 1
57	 1071	 1
57	 1440	 1
58	 1440	 1
58	 1678	 1
59	 1071	 1
59	 334	 1
60	 334	 1
60	 1072	 1
61	 1072	 1
61	 1440	 1
62	 334	 1
62	 332	 1
63	 332	 1
63	 698	 1
64	 698	 1
64	 1072	 1
65	 332	 1
65	 54	 1
66	 54	 1
66	 442	 1
67	 442	 1
67	 698	 1
68	 54	 1
68	 225	 1
69	 225	 1
69	 224	 1
70	 224	 1
70	 442	 1
71	 227	 1
71	 225	 1
72	 224	 1
72	 226	 1
73	 226	 1
73	 227	 1
74	 898	 1
74	 496	 1
75	 496	 1
75	 226	 1
76	 227	 1
76	 898	 1
77	 1278	 1
77	 898	 1
78	 496	 1
78	 1279	 1
79	 1279	 1
79	 1278	 1
80	 1281	 1
80	 1279	 1
81	 1278	 1
81	 1280	 1
82	 1280	 1
82	 1281	 1
83	 1753	 1
83	 1281	 1
84	 1280	 1
84	 1596	 1
85	 1596	 1
85	 1753	 1
86	 1753	 1
86	 1751	 1
87	 1751	 1
87	 1595	 1
88	 1595	 1
88	 1596	 1
89	 1751	 1
89	 891	 1
90	 891	 1
90	 495	 1
91	 495	 1
91	 1595	 1
92	 495	 1
92	 494	 1
93	 494	 1
93	 889	 1
94	 889	 1
94	 891	 1
95	 889	 1
95	 216	 1
96	 216	 1
96	 215	 1
97	 215	 1
97	 494	 1
98	 215	 1
98	 487	 1
99	 487	 1
99	 65	 1
100	 65	 1
100	 216	 1
101	 644	 1
101	 316	 1
102	 123	 1
102	 318	 1
103	 318	 1
103	 644	 1
104	 318	 1
104	 125	 1
105	 125	 1
105	 330	 1
106	 125	 1
106	 1412	 1
107	 1412	 1
107	 1413	 1
108	 1414	 1
108	 1411	 1
109	 1411	 1
109	 1412	 1
110	 687	 1
110	 686	 1
111	 686	 1
111	 1411	 1
112	 686	 1
112	 677	 1
113	 677	 1
113	 685	 1
114	 1393	 1
114	 681	 1
115	 681	 1
115	 680	 1
116	 680	 1
116	 677	 1
117	 678	 1
117	 1391	 1
118	 1391	 1
118	 1393	 1
119	 1398	 1
119	 1401	 1
120	 1391	 1
120	 1392	 1
121	 1392	 1
121	 1398	 1
122	 1399	 1
122	 1446	 1
123	 1446	 1
123	 1400	 1
124	 1398	 1
124	 1399	 1
125	 1094	 1
125	 1448	 1
126	 1448	 1
126	 1446	 1
127	 1092	 1
127	 1455	 1
128	 1455	 1
128	 1448	 1
129	 1455	 1
129	 1454	 1
130	 1454	 1
130	 1676	 1
131	 1675	 1
131	 712	 1
132	 712	 1
132	 1454	 1
133	 712	 1
133	 1061	 1
134	 1061	 1
134	 1435	 1
135	 1062	 1
135	 1060	 1
136	 1060	 1
136	 1063	 1
137	 1061	 1
137	 1062	 1
138	 695	 1
138	 694	 1
139	 694	 1
139	 690	 1
140	 690	 1
140	 1060	 1
141	 694	 1
141	 1067	 1
142	 1067	 1
142	 696	 1
143	 1070	 1
143	 1064	 1
144	 1064	 1
144	 1067	 1
145	 1064	 1
145	 333	 1
146	 333	 1
146	 1071	 1
147	 334	 1
147	 1432	 1
148	 1432	 1
148	 333	 1
149	 1433	 1
149	 332	 1
150	 1432	 1
150	 1433	 1
151	 54	 1
151	 918	 1
152	 918	 1
152	 1433	 1
153	 225	 1
153	 1294	 1
154	 1294	 1
154	 918	 1
155	 1294	 1
155	 1295	 1
156	 1295	 1
156	 227	 1
157	 898	 1
157	 897	 1
158	 897	 1
158	 1295	 1
159	 1278	 1
159	 896	 1
160	 896	 1
160	 897	 1
161	 1280	 1
161	 899	 1
162	 899	 1
162	 896	 1
163	 899	 1
163	 1284	 1
164	 1284	 1
164	 1596	 1
165	 1284	 1
165	 1283	 1
166	 1283	 1
166	 1595	 1
167	 495	 1
167	 894	 1
168	 894	 1
168	 1283	 1
169	 894	 1
169	 489	 1
170	 489	 1
170	 494	 1
171	 874	 1
171	 215	 1
172	 489	 1
172	 874	 1
173	 1275	 1
173	 487	 1
174	 874	 1
174	 1275	 1
175	 1380	 1
175	 644	 1
176	 318	 1
176	 663	 1
177	 663	 1
177	 1380	 1
178	 125	 1
178	 666	 1
179	 666	 1
179	 663	 1
180	 665	 1
180	 666	 1
181	 1412	 1
181	 665	 1
182	 665	 1
182	 328	 1
183	 328	 1
183	 1411	 1
184	 686	 1
184	 120	 1
185	 120	 1
185	 328	 1
186	 120	 1
186	 679	 1
187	 679	 1
187	 680	 1
188	 1658	 1
188	 1659	 1
189	 1659	 1
189	 1446	 1
190	 1399	 1
190	 1396	 1
191	 1396	 1
191	 1656	 1
192	 1656	 1
192	 1658	 1
193	 1659	 1
193	 1447	 1
194	 1447	 1
194	 1448	 1
195	 1683	 1
195	 1455	 1
196	 1447	 1
196	 1683	 1
197	 1683	 1
197	 1684	 1
198	 1684	 1
198	 1454	 1
199	 1684	 1
199	 1090	 1
200	 1090	 1
200	 712	 1
201	 1417	 1
201	 1062	 1
202	 1090	 1
202	 1416	 1
203	 1416	 1
203	 1417	 1
204	 692	 1
204	 691	 1
205	 691	 1
205	 690	 1
206	 694	 1
206	 693	 1
207	 693	 1
207	 692	 1
208	 1067	 1
208	 1066	 1
209	 1066	 1
209	 693	 1
210	 1064	 1
210	 1065	 1
211	 1065	 1
211	 1066	 1
212	 1056	 1
212	 1065	 1
213	 333	 1
213	 1056	 1
214	 1674	 1
214	 1056	 1
215	 1432	 1
215	 1674	 1
216	 1433	 1
216	 1673	 1
217	 1673	 1
217	 1674	 1
218	 918	 1
218	 919	 1
219	 919	 1
219	 1673	 1
220	 1297	 1
220	 1294	 1
221	 919	 1
221	 1297	 1
222	 1295	 1
222	 1296	 1
223	 1296	 1
223	 1297	 1
224	 897	 1
224	 503	 1
225	 503	 1
225	 1296	 1
226	 896	 1
226	 70	 1
227	 70	 1
227	 503	 1
228	 70	 1
228	 67	 1
229	 67	 1
229	 899	 1
230	 1284	 1
230	 68	 1
231	 68	 1
231	 67	 1
232	 68	 1
232	 892	 1
233	 892	 1
233	 1283	 1
234	 892	 1
234	 893	 1
235	 893	 1
235	 894	 1
236	 489	 1
236	 490	 1
237	 490	 1
237	 893	 1
238	 875	 1
238	 490	 1
239	 874	 1
239	 875	 1
240	 1589	 1
240	 1275	 1
241	 875	 1
241	 1589	 1
242	 1378	 1
242	 1380	 1
243	 663	 1
243	 1037	 1
244	 1037	 1
244	 1378	 1
245	 666	 1
245	 667	 1
246	 667	 1
246	 1037	 1
247	 667	 1
247	 664	 1
248	 664	 1
248	 665	 1
249	 664	 1
249	 119	 1
250	 119	 1
250	 328	 1
251	 119	 1
251	 118	 1
252	 118	 1
252	 120	 1
253	 1395	 1
253	 326	 1
254	 326	 1
254	 118	 1
255	 679	 1
255	 1394	 1
256	 1394	 1
256	 1395	 1
257	 1868	 1
257	 1860	 1
258	 1860	 1
258	 1861	 1
259	 1861	 1
259	 1658	 1
260	 1656	 1
260	 1793	 1
261	 1793	 1
261	 1794	 1
262	 1794	 1
262	 1866	 1
263	 1866	 1
263	 1868	 1
264	 1862	 1
264	 1797	 1
265	 1797	 1
265	 1657	 1
266	 1657	 1
266	 1659	 1
267	 1861	 1
267	 1862	 1
268	 1657	 1
268	 713	 1
269	 713	 1
269	 1447	 1
270	 713	 1
270	 1682	 1
271	 1682	 1
271	 1683	 1
272	 1684	 1
272	 1681	 1
273	 1681	 1
273	 1682	 1
274	 1090	 1
274	 1450	 1
275	 1450	 1
275	 1681	 1
276	 1451	 1
276	 339	 1
277	 339	 1
277	 1415	 1
278	 1415	 1
278	 1416	 1
279	 1450	 1
279	 1451	 1
280	 1049	 1
280	 1046	 1
281	 1046	 1
281	 692	 1
282	 693	 1
282	 688	 1
283	 688	 1
283	 1047	 1
284	 1047	 1
284	 1049	 1
285	 1066	 1
285	 126	 1
286	 126	 1
286	 688	 1
287	 126	 1
287	 331	 1
288	 331	 1
288	 1065	 1
289	 1668	 1
289	 331	 1
290	 1056	 1
290	 1668	 1
291	 1671	 1
291	 1668	 1
292	 1674	 1
292	 1671	 1
293	 1671	 1
293	 1672	 1
294	 1672	 1
294	 1673	 1
295	 919	 1
295	 1608	 1
296	 1608	 1
296	 1672	 1
297	 1609	 1
297	 1608	 1
298	 1297	 1
298	 1609	 1
299	 1296	 1
299	 1293	 1
300	 1293	 1
300	 1609	 1
301	 1293	 1
301	 917	 1
302	 917	 1
302	 503	 1
303	 917	 1
303	 231	 1
304	 231	 1
304	 70	 1
305	 231	 1
305	 15	 1
306	 15	 1
306	 67	 1
307	 68	 1
307	 213	 1
308	 213	 1
308	 15	 1
309	 493	 1
309	 213	 1
310	 892	 1
310	 493	 1
311	 493	 1
311	 492	 1
312	 492	 1
312	 893	 1
313	 491	 1
313	 492	 1
314	 490	 1
314	 491	 1
315	 875	 1
315	 873	 1
316	 873	 1
316	 491	 1
317	 873	 1
317	 1587	 1
318	 1587	 1
318	 1589	 1
319	 1648	 1
319	 1647	 1
320	 1647	 1
320	 1037	 1
321	 1378	 1
321	 1648	 1
322	 1647	 1
322	 662	 1
323	 662	 1
323	 667	 1
324	 664	 1
324	 646	 1
325	 646	 1
325	 662	 1
326	 646	 1
326	 117	 1
327	 117	 1
327	 119	 1
328	 327	 1
328	 117	 1
329	 326	 1
329	 327	 1
330	 1798	 1
330	 1661	 1
331	 1661	 1
331	 1403	 1
332	 1403	 1
332	 713	 1
333	 1797	 1
333	 1798	 1
334	 1403	 1
334	 1449	 1
335	 1449	 1
335	 1682	 1
336	 1449	 1
336	 1453	 1
337	 1453	 1
337	 1681	 1
338	 1451	 1
338	 1452	 1
339	 1452	 1
339	 1453	 1
340	 1048	 1
340	 715	 1
341	 715	 1
341	 716	 1
342	 716	 1
342	 688	 1
343	 1047	 1
343	 1048	 1
344	 716	 1
344	 127	 1
345	 127	 1
345	 126	 1
346	 1058	 1
346	 127	 1
347	 331	 1
347	 1058	 1
348	 1669	 1
348	 1058	 1
349	 1668	 1
349	 1669	 1
350	 1669	 1
350	 1670	 1
351	 1670	 1
351	 1671	 1
352	 1672	 1
352	 1431	 1
353	 1431	 1
353	 1670	 1
354	 1608	 1
354	 1607	 1
355	 1607	 1
355	 1431	 1
356	 1610	 1
356	 1607	 1
357	 1609	 1
357	 1610	 1
358	 1293	 1
358	 1292	 1
359	 1292	 1
359	 1610	 1
360	 917	 1
360	 916	 1
361	 916	 1
361	 1292	 1
362	 231	 1
362	 502	 1
363	 502	 1
363	 916	 1
364	 15	 1
364	 71	 1
365	 71	 1
365	 502	 1
366	 1602	 1
366	 232	 1
367	 232	 1
367	 71	 1
368	 213	 1
368	 212	 1
369	 212	 1
369	 1601	 1
370	 1601	 1
370	 1602	 1
371	 905	 1
371	 885	 1
372	 885	 1
372	 493	 1
373	 212	 1
373	 499	 1
374	 499	 1
374	 903	 1
375	 903	 1
375	 905	 1
376	 492	 1
376	 887	 1
377	 887	 1
377	 885	 1
378	 887	 1
378	 877	 1
379	 877	 1
379	 491	 1
380	 1276	 1
380	 877	 1
381	 873	 1
381	 1276	 1
382	 1592	 1
382	 1276	 1
383	 1587	 1
383	 1592	 1
384	 1648	 1
384	 1646	 1
385	 1646	 1
385	 1645	 1
386	 1645	 1
386	 1647	 1
387	 662	 1
387	 648	 1
388	 648	 1
388	 1645	 1
389	 646	 1
389	 647	 1
390	 647	 1
390	 648	 1
391	 647	 1
391	 115	 1
392	 115	 1
392	 117	 1
393	 1650	 1
393	 1375	 1
394	 1375	 1
394	 1376	 1
395	 1376	 1
395	 1377	 1
396	 1377	 1
396	 115	 1
397	 327	 1
397	 682	 1
398	 682	 1
398	 683	 1
399	 683	 1
399	 1649	 1
400	 1649	 1
400	 1650	 1
401	 1864	 1
401	 1798	 1
402	 1661	 1
402	 1662	 1
403	 1662	 1
403	 1660	 1
404	 1660	 1
404	 1801	 1
405	 1801	 1
405	 1863	 1
406	 1863	 1
406	 1864	 1
407	 1662	 1
407	 1404	 1
408	 1404	 1
408	 1403	 1
409	 1449	 1
409	 727	 1
410	 727	 1
410	 1404	 1
411	 1453	 1
411	 725	 1
412	 725	 1
412	 727	 1
413	 1452	 1
413	 1086	 1
414	 1086	 1
414	 1087	 1
415	 1087	 1
415	 726	 1
416	 726	 1
416	 725	 1
417	 1050	 1
417	 714	 1
418	 714	 1
418	 718	 1
419	 718	 1
419	 722	 1
420	 722	 1
420	 715	 1
421	 1048	 1
421	 1050	 1
422	 716	 1
422	 717	 1
423	 717	 1
423	 722	 1
424	 127	 1
424	 1054	 1
425	 1054	 1
425	 717	 1
426	 1057	 1
426	 1058	 1
427	 1054	 1
427	 1057	 1
428	 1059	 1
428	 1057	 1
429	 1669	 1
429	 1059	 1
430	 1670	 1
430	 689	 1
431	 689	 1
431	 1059	 1
432	 689	 1
432	 914	 1
433	 914	 1
433	 1431	 1
434	 915	 1
434	 914	 1
435	 1607	 1
435	 915	 1
436	 1610	 1
436	 913	 1
437	 913	 1
437	 915	 1
438	 913	 1
438	 912	 1
439	 912	 1
439	 1292	 1
440	 916	 1
440	 501	 1
441	 501	 1
441	 229	 1
442	 229	 1
442	 912	 1
443	 506	 1
443	 501	 1
444	 502	 1
444	 505	 1
445	 505	 1
445	 506	 1
446	 232	 1
446	 504	 1
447	 504	 1
447	 505	 1
448	 887	 1
448	 886	 1
449	 886	 1
449	 883	 1
450	 883	 1
450	 884	 1
451	 884	 1
451	 904	 1
452	 904	 1
452	 905	 1
453	 886	 1
453	 878	 1
454	 878	 1
454	 877	 1
455	 878	 1
455	 1277	 1
456	 1277	 1
456	 1276	 1
457	 1594	 1
457	 1592	 1
458	 1277	 1
458	 1594	 1
459	 1645	 1
459	 1025	 1
460	 1025	 1
460	 1369	 1
461	 1369	 1
461	 1646	 1
462	 1025	 1
462	 645	 1
463	 645	 1
463	 648	 1
464	 645	 1
464	 320	 1
465	 320	 1
465	 647	 1
466	 1850	 1
466	 1792	 1
467	 1792	 1
467	 1377	 1
468	 320	 1
468	 114	 1
469	 114	 1
469	 325	 1
470	 325	 1
470	 324	 1
471	 324	 1
471	 1849	 1
472	 1849	 1
472	 1850	 1
473	 1802	 1
473	 1663	 1
474	 1663	 1
474	 1383	 1
475	 1383	 1
475	 1382	 1
476	 1382	 1
476	 1041	 1
477	 1041	 1
477	 1660	 1
478	 1801	 1
478	 1802	 1
479	 1041	 1
479	 1040	 1
480	 1040	 1
480	 1662	 1
481	 1404	 1
481	 1457	 1
482	 1457	 1
482	 1040	 1
483	 1459	 1
483	 727	 1
484	 1457	 1
484	 1459	 1
485	 1095	 1
485	 724	 1
486	 724	 1
486	 726	 1
487	 1459	 1
487	 1095	 1
488	 721	 1
488	 719	 1
489	 719	 1
489	 723	 1
490	 723	 1
490	 722	 1
491	 718	 1
491	 720	 1
492	 720	 1
492	 721	 1
493	 723	 1
493	 1052	 1
494	 1052	 1
494	 717	 1
495	 1055	 1
495	 1054	 1
496	 1052	 1
496	 1055	 1
497	 1055	 1
497	 1053	 1
498	 1053	 1
498	 1057	 1
499	 1059	 1
499	 1422	 1
500	 1422	 1
500	 1053	 1
501	 1422	 1
501	 1421	 1
502	 1421	 1
502	 689	 1
503	 1421	 1
503	 848	 1
504	 848	 1
504	 914	 1
505	 1251	 1
505	 915	 1
506	 848	 1
506	 1251	 1
507	 1248	 1
507	 913	 1
508	 1251	 1
508	 1248	 1
509	 1249	 1
509	 230	 1
510	 230	 1
510	 228	 1
511	 228	 1
511	 229	 1
512	 1248	 1
512	 1249	 1
513	 884	 1
513	 223	 1
514	 223	 1
514	 221	 1
515	 221	 1
515	 219	 1
516	 219	 1
516	 220	 1
517	 220	 1
517	 883	 1
518	 886	 1
518	 69	 1
519	 69	 1
519	 220	 1
520	 881	 1
520	 69	 1
521	 878	 1
521	 881	 1
522	 881	 1
522	 882	 1
523	 882	 1
523	 1277	 1
524	 1594	 1
524	 876	 1
525	 876	 1
525	 882	 1
526	 1369	 1
526	 322	 1
527	 322	 1
527	 319	 1
528	 319	 1
528	 1025	 1
529	 1028	 1
529	 657	 1
530	 657	 1
530	 319	 1
531	 645	 1
531	 1027	 1
532	 1027	 1
532	 1028	 1
533	 114	 1
533	 1026	 1
534	 1026	 1
534	 1027	 1
535	 1857	 1
535	 1655	 1
536	 1655	 1
536	 1651	 1
537	 1651	 1
537	 1652	 1
538	 1652	 1
538	 1388	 1
539	 1388	 1
539	 1384	 1
540	 1384	 1
540	 1387	 1
541	 1387	 1
541	 671	 1
542	 671	 1
542	 675	 1
543	 675	 1
543	 1390	 1
544	 1390	 1
544	 1856	 1
545	 1856	 1
545	 1857	 1
546	 1385	 1
546	 1383	 1
547	 1382	 1
547	 1386	 1
548	 1386	 1
548	 1387	 1
549	 1384	 1
549	 1385	 1
550	 1041	 1
550	 711	 1
551	 711	 1
551	 1386	 1
552	 711	 1
552	 728	 1
553	 728	 1
553	 1040	 1
554	 1457	 1
554	 1458	 1
555	 1458	 1
555	 728	 1
556	 1458	 1
556	 1456	 1
557	 1456	 1
557	 1459	 1
558	 1095	 1
558	 1096	 1
559	 1096	 1
559	 1097	 1
560	 1097	 1
560	 1456	 1
561	 721	 1
561	 337	 1
562	 337	 1
562	 336	 1
563	 336	 1
563	 1084	 1
564	 1084	 1
564	 719	 1
565	 723	 1
565	 1085	 1
566	 1085	 1
566	 1084	 1
567	 1430	 1
567	 1052	 1
568	 1085	 1
568	 1430	 1
569	 1055	 1
569	 1429	 1
570	 1429	 1
570	 1430	 1
571	 1429	 1
571	 1426	 1
572	 1426	 1
572	 1053	 1
573	 1423	 1
573	 1422	 1
574	 1426	 1
574	 1423	 1
575	 1423	 1
575	 1420	 1
576	 1420	 1
576	 1421	 1
577	 848	 1
577	 847	 1
578	 847	 1
578	 1420	 1
579	 847	 1
579	 1250	 1
580	 1250	 1
580	 1251	 1
581	 1249	 1
581	 1247	 1
582	 1247	 1
582	 1246	 1
583	 1246	 1
583	 1250	 1
584	 462	 1
584	 72	 1
585	 72	 1
585	 17	 1
586	 17	 1
586	 74	 1
587	 74	 1
587	 16	 1
588	 16	 1
588	 461	 1
589	 461	 1
589	 462	 1
590	 510	 1
590	 3	 1
591	 3	 1
591	 17	 1
592	 74	 1
592	 233	 1
593	 233	 1
593	 509	 1
594	 509	 1
594	 510	 1
595	 1287	 1
595	 73	 1
596	 73	 1
596	 219	 1
597	 220	 1
597	 14	 1
598	 14	 1
598	 1285	 1
599	 1285	 1
599	 1287	 1
600	 69	 1
600	 497	 1
601	 497	 1
601	 14	 1
602	 879	 1
602	 497	 1
603	 881	 1
603	 879	 1
604	 882	 1
604	 880	 1
605	 880	 1
605	 879	 1
606	 880	 1
606	 209	 1
607	 209	 1
607	 876	 1
608	 658	 1
608	 655	 1
609	 655	 1
609	 1031	 1
610	 1031	 1
610	 322	 1
611	 657	 1
611	 658	 1
612	 1387	 1
612	 1039	 1
613	 1039	 1
613	 668	 1
614	 668	 1
614	 669	 1
615	 669	 1
615	 670	 1
616	 670	 1
616	 671	 1
617	 1039	 1
617	 1038	 1
618	 1038	 1
618	 1386	 1
619	 1038	 1
619	 709	 1
620	 709	 1
620	 711	 1
621	 709	 1
621	 710	 1
622	 710	 1
622	 728	 1
623	 1458	 1
623	 128	 1
624	 128	 1
624	 710	 1
625	 128	 1
625	 1442	 1
626	 1442	 1
626	 1441	 1
627	 1441	 1
627	 1097	 1
628	 1082	 1
628	 1084	 1
629	 336	 1
629	 704	 1
630	 704	 1
630	 703	 1
631	 703	 1
631	 707	 1
632	 707	 1
632	 1082	 1
633	 1085	 1
633	 1083	 1
634	 1083	 1
634	 1082	 1
635	 1430	 1
635	 1427	 1
636	 1427	 1
636	 1083	 1
637	 1427	 1
637	 1428	 1
638	 1428	 1
638	 1429	 1
639	 1428	 1
639	 1425	 1
640	 1425	 1
640	 1426	 1
641	 1423	 1
641	 1424	 1
642	 1424	 1
642	 1425	 1
643	 1420	 1
643	 700	 1
644	 700	 1
644	 1424	 1
645	 700	 1
645	 196	 1
646	 196	 1
646	 847	 1
647	 1250	 1
647	 204	 1
648	 204	 1
648	 196	 1
649	 1252	 1
649	 1256	 1
650	 1256	 1
650	 204	 1
651	 1246	 1
651	 849	 1
652	 849	 1
652	 1252	 1
653	 1255	 1
653	 1257	 1
654	 1257	 1
654	 1256	 1
655	 1252	 1
655	 1253	 1
656	 1253	 1
656	 1254	 1
657	 1254	 1
657	 1255	 1
658	 1255	 1
658	 461	 1
659	 16	 1
659	 464	 1
660	 464	 1
660	 1257	 1
661	 1264	 1
661	 464	 1
662	 74	 1
662	 869	 1
663	 869	 1
663	 1263	 1
664	 1263	 1
664	 1264	 1
665	 1932	 1
665	 1925	 1
666	 1925	 1
666	 1575	 1
667	 1575	 1
667	 1884	 1
668	 1884	 1
668	 1910	 1
669	 1910	 1
669	 1909	 1
670	 1909	 1
670	 1573	 1
671	 1573	 1
671	 233	 1
672	 869	 1
672	 1931	 1
673	 1931	 1
673	 1932	 1
674	 1756	 1
674	 1285	 1
675	 497	 1
675	 498	 1
676	 498	 1
676	 218	 1
677	 218	 1
677	 1755	 1
678	 1755	 1
678	 1756	 1
679	 879	 1
679	 837	 1
680	 837	 1
680	 498	 1
681	 837	 1
681	 839	 1
682	 839	 1
682	 880	 1
683	 839	 1
683	 453	 1
684	 453	 1
684	 209	 1
685	 1035	 1
685	 655	 1
686	 1031	 1
686	 1033	 1
687	 1033	 1
687	 656	 1
688	 656	 1
688	 1034	 1
689	 1034	 1
689	 1035	 1
690	 1372	 1
690	 650	 1
691	 650	 1
691	 651	 1
692	 651	 1
692	 652	 1
693	 652	 1
693	 321	 1
694	 321	 1
694	 1036	 1
695	 1036	 1
695	 1371	 1
696	 1371	 1
696	 1372	 1
697	 669	 1
697	 241	 1
698	 241	 1
698	 239	 1
699	 239	 1
699	 1022	 1
700	 1022	 1
700	 668	 1
701	 1365	 1
701	 1022	 1
702	 1039	 1
702	 1365	 1
703	 1365	 1
703	 1364	 1
704	 1364	 1
704	 1038	 1
705	 709	 1
705	 640	 1
706	 640	 1
706	 1364	 1
707	 734	 1
707	 710	 1
708	 640	 1
708	 734	 1
709	 1443	 1
709	 733	 1
710	 733	 1
710	 734	 1
711	 1442	 1
711	 1443	 1
712	 1076	 1
712	 703	 1
713	 707	 1
713	 708	 1
714	 708	 1
714	 705	 1
715	 705	 1
715	 1075	 1
716	 1075	 1
716	 1076	 1
717	 708	 1
717	 1078	 1
718	 1078	 1
718	 1082	 1
719	 1078	 1
719	 1081	 1
720	 1081	 1
720	 1083	 1
721	 1081	 1
721	 1706	 1
722	 1706	 1
722	 1427	 1
723	 1707	 1
723	 1428	 1
724	 1706	 1
724	 1707	 1
725	 1425	 1
725	 1509	 1
726	 1509	 1
726	 1707	 1
727	 1509	 1
727	 701	 1
728	 701	 1
728	 1424	 1
729	 702	 1
729	 700	 1
730	 701	 1
730	 702	 1
731	 196	 1
731	 480	 1
732	 480	 1
732	 702	 1
733	 481	 1
733	 480	 1
734	 204	 1
734	 481	 1
735	 203	 1
735	 1256	 1
736	 481	 1
736	 203	 1
737	 853	 1
737	 465	 1
738	 465	 1
738	 203	 1
739	 1257	 1
739	 852	 1
740	 852	 1
740	 853	 1
741	 1577	 1
741	 1264	 1
742	 852	 1
742	 1576	 1
743	 1576	 1
743	 1577	 1
744	 218	 1
744	 921	 1
745	 921	 1
745	 920	 1
746	 920	 1
746	 900	 1
747	 900	 1
747	 1597	 1
748	 1597	 1
748	 1754	 1
749	 1754	 1
749	 1755	 1
750	 921	 1
750	 514	 1
751	 514	 1
751	 498	 1
752	 837	 1
752	 838	 1
753	 838	 1
753	 514	 1
754	 840	 1
754	 838	 1
755	 839	 1
755	 840	 1
756	 454	 1
756	 453	 1
757	 840	 1
757	 454	 1
758	 656	 1
758	 244	 1
759	 244	 1
759	 519	 1
760	 519	 1
760	 1033	 1
761	 321	 1
761	 113	 1
762	 113	 1
762	 244	 1
763	 1034	 1
763	 1036	 1
764	 1362	 1
764	 1022	 1
765	 239	 1
765	 240	 1
766	 240	 1
766	 81	 1
767	 81	 1
767	 82	 1
768	 82	 1
768	 1362	 1
769	 1366	 1
769	 1365	 1
770	 1362	 1
770	 1366	 1
771	 1366	 1
771	 1363	 1
772	 1363	 1
772	 1364	 1
773	 1105	 1
773	 640	 1
774	 1363	 1
774	 1105	 1
775	 1101	 1
775	 734	 1
776	 1105	 1
776	 1101	 1
777	 1104	 1
777	 1098	 1
778	 1098	 1
778	 733	 1
779	 1101	 1
779	 1104	 1
780	 1077	 1
780	 777	 1
781	 777	 1
781	 706	 1
782	 706	 1
782	 705	 1
783	 1075	 1
783	 1077	 1
784	 706	 1
784	 773	 1
785	 773	 1
785	 708	 1
786	 1079	 1
786	 773	 1
787	 1078	 1
787	 1079	 1
788	 1080	 1
788	 1079	 1
789	 1081	 1
789	 1080	 1
790	 1873	 1
790	 1080	 1
791	 1706	 1
791	 1873	 1
792	 1876	 1
792	 1873	 1
793	 1707	 1
793	 1876	 1
794	 1509	 1
794	 1815	 1
795	 1815	 1
795	 1876	 1
796	 701	 1
796	 699	 1
797	 699	 1
797	 1815	 1
798	 699	 1
798	 475	 1
799	 475	 1
799	 702	 1
800	 476	 1
800	 480	 1
801	 475	 1
801	 476	 1
802	 479	 1
802	 477	 1
803	 477	 1
803	 476	 1
804	 481	 1
804	 478	 1
805	 478	 1
805	 479	 1
806	 465	 1
806	 466	 1
807	 466	 1
807	 478	 1
808	 1918	 1
808	 1885	 1
809	 1885	 1
809	 1741	 1
810	 1741	 1
810	 1880	 1
811	 1880	 1
811	 1881	 1
812	 1881	 1
812	 1830	 1
813	 1830	 1
813	 901	 1
814	 901	 1
814	 900	 1
815	 920	 1
815	 1301	 1
816	 1301	 1
816	 1581	 1
817	 1581	 1
817	 1580	 1
818	 1580	 1
818	 1917	 1
819	 1917	 1
819	 1918	 1
820	 921	 1
820	 1300	 1
821	 1300	 1
821	 1301	 1
822	 514	 1
822	 516	 1
823	 516	 1
823	 1300	 1
824	 516	 1
824	 515	 1
825	 515	 1
825	 838	 1
826	 840	 1
826	 189	 1
827	 189	 1
827	 515	 1
828	 844	 1
828	 189	 1
829	 454	 1
829	 844	 1
830	 923	 1
830	 519	 1
831	 244	 1
831	 521	 1
832	 521	 1
832	 923	 1
833	 521	 1
833	 80	 1
834	 80	 1
834	 79	 1
835	 79	 1
835	 113	 1
836	 246	 1
836	 81	 1
837	 82	 1
837	 311	 1
838	 311	 1
838	 83	 1
839	 83	 1
839	 245	 1
840	 245	 1
840	 246	 1
841	 1643	 1
841	 311	 1
842	 1362	 1
842	 1643	 1
843	 1644	 1
843	 1366	 1
844	 1643	 1
844	 1644	 1
845	 1644	 1
845	 1024	 1
846	 1024	 1
846	 1363	 1
847	 1106	 1
847	 1024	 1
848	 1105	 1
848	 1106	 1
849	 1106	 1
849	 1102	 1
850	 1102	 1
850	 1103	 1
851	 1103	 1
851	 1104	 1
852	 778	 1
852	 399	 1
853	 399	 1
853	 398	 1
854	 398	 1
854	 400	 1
855	 400	 1
855	 706	 1
856	 777	 1
856	 778	 1
857	 773	 1
857	 774	 1
858	 774	 1
858	 400	 1
859	 775	 1
859	 774	 1
860	 1079	 1
860	 775	 1
861	 1168	 1
861	 1080	 1
862	 775	 1
862	 1168	 1
863	 1168	 1
863	 1874	 1
864	 1874	 1
864	 1873	 1
865	 1874	 1
865	 1875	 1
866	 1875	 1
866	 1876	 1
867	 1875	 1
867	 1814	 1
868	 1814	 1
868	 1815	 1
869	 699	 1
869	 55	 1
870	 55	 1
870	 1814	 1
871	 484	 1
871	 55	 1
872	 475	 1
872	 473	 1
873	 473	 1
873	 482	 1
874	 482	 1
874	 484	 1
875	 477	 1
875	 472	 1
876	 472	 1
876	 474	 1
877	 474	 1
877	 473	 1
878	 1268	 1
878	 862	 1
879	 862	 1
879	 863	 1
880	 863	 1
880	 1259	 1
881	 1259	 1
881	 1260	 1
882	 1260	 1
882	 1267	 1
883	 1267	 1
883	 1268	 1
884	 862	 1
884	 865	 1
885	 865	 1
885	 864	 1
886	 864	 1
886	 870	 1
887	 870	 1
887	 1265	 1
888	 1265	 1
888	 1268	 1
889	 1582	 1
889	 860	 1
890	 860	 1
890	 1298	 1
891	 1298	 1
891	 1301	 1
892	 1581	 1
892	 1582	 1
893	 1298	 1
893	 1299	 1
894	 1299	 1
894	 1300	 1
895	 1299	 1
895	 517	 1
896	 517	 1
896	 516	 1
897	 517	 1
897	 845	 1
898	 845	 1
898	 515	 1
899	 1572	 1
899	 189	 1
900	 845	 1
900	 1572	 1
901	 844	 1
901	 1571	 1
902	 1571	 1
902	 1572	 1
903	 925	 1
903	 520	 1
904	 520	 1
904	 521	 1
905	 923	 1
905	 925	 1
906	 635	 1
906	 19	 1
907	 19	 1
907	 80	 1
908	 520	 1
908	 633	 1
909	 633	 1
909	 635	 1
910	 1629	 1
910	 112	 1
911	 112	 1
911	 77	 1
912	 77	 1
912	 83	 1
913	 311	 1
913	 1632	 1
914	 1632	 1
914	 1629	 1
915	 1632	 1
915	 1642	 1
916	 1642	 1
916	 1643	 1
917	 1644	 1
917	 1641	 1
918	 1641	 1
918	 1642	 1
919	 1641	 1
919	 1023	 1
920	 1023	 1
920	 1024	 1
921	 1106	 1
921	 1020	 1
922	 1020	 1
922	 1023	 1
923	 1102	 1
923	 1021	 1
924	 1021	 1
924	 1019	 1
925	 1019	 1
925	 1020	 1
926	 730	 1
926	 340	 1
927	 340	 1
927	 398	 1
928	 399	 1
928	 729	 1
929	 729	 1
929	 730	 1
930	 340	 1
930	 1154	 1
931	 1154	 1
931	 400	 1
932	 1157	 1
932	 1154	 1
933	 774	 1
933	 1157	 1
934	 1173	 1
934	 1157	 1
935	 775	 1
935	 1173	 1
936	 1171	 1
936	 1173	 1
937	 1168	 1
937	 1171	 1
938	 1171	 1
938	 1511	 1
939	 1511	 1
939	 1874	 1
940	 1511	 1
940	 1711	 1
941	 1711	 1
941	 1875	 1
942	 1814	 1
942	 1708	 1
943	 1708	 1
943	 1711	 1
944	 1708	 1
944	 206	 1
945	 206	 1
945	 207	 1
946	 207	 1
946	 483	 1
947	 483	 1
947	 484	 1
948	 1749	 1
948	 1745	 1
949	 1745	 1
949	 1746	 1
950	 1746	 1
950	 1747	 1
951	 1747	 1
951	 1748	 1
952	 1748	 1
952	 1749	 1
953	 1748	 1
953	 871	 1
954	 871	 1
954	 872	 1
955	 872	 1
955	 1270	 1
956	 1270	 1
956	 1749	 1
957	 863	 1
957	 202	 1
958	 202	 1
958	 1270	 1
959	 872	 1
959	 1258	 1
960	 1258	 1
960	 1259	 1
961	 866	 1
961	 197	 1
962	 197	 1
962	 202	 1
963	 865	 1
963	 866	 1
964	 861	 1
964	 468	 1
965	 468	 1
965	 75	 1
966	 75	 1
966	 237	 1
967	 237	 1
967	 1298	 1
968	 860	 1
968	 861	 1
969	 237	 1
969	 238	 1
970	 238	 1
970	 1299	 1
971	 238	 1
971	 76	 1
972	 76	 1
972	 517	 1
973	 845	 1
973	 846	 1
974	 846	 1
974	 76	 1
975	 1570	 1
975	 1572	 1
976	 846	 1
976	 1570	 1
977	 1570	 1
977	 1569	 1
978	 1569	 1
978	 1571	 1
979	 634	 1
979	 310	 1
980	 310	 1
980	 523	 1
981	 523	 1
981	 925	 1
982	 633	 1
982	 634	 1
983	 112	 1
983	 1016	 1
984	 1016	 1
984	 1015	 1
985	 1015	 1
985	 632	 1
986	 632	 1
986	 1631	 1
987	 1631	 1
987	 1629	 1
988	 1632	 1
988	 1630	 1
989	 1630	 1
989	 1631	 1
990	 1630	 1
990	 1628	 1
991	 1628	 1
991	 1642	 1
992	 1628	 1
992	 1361	 1
993	 1361	 1
993	 1641	 1
994	 1023	 1
994	 1360	 1
995	 1360	 1
995	 1361	 1
996	 1360	 1
996	 642	 1
997	 642	 1
997	 641	 1
998	 641	 1
998	 1019	 1
999	 731	 1
999	 142	 1
1000	 142	 1
1000	 636	 1
1001	 636	 1
1001	 639	 1
1002	 639	 1
1002	 340	 1
1003	 730	 1
1003	 731	 1
1004	 1155	 1
1004	 1154	 1
1005	 639	 1
1005	 1155	 1
1006	 1155	 1
1006	 1156	 1
1007	 1156	 1
1007	 1157	 1
1008	 1174	 1
1008	 1156	 1
1009	 1173	 1
1009	 1174	 1
1010	 1174	 1
1010	 1172	 1
1011	 1172	 1
1011	 1171	 1
1012	 1511	 1
1012	 1510	 1
1013	 1510	 1
1013	 1172	 1
1014	 1711	 1
1014	 1710	 1
1015	 1710	 1
1015	 1510	 1
1016	 1708	 1
1016	 1709	 1
1017	 1709	 1
1017	 1710	 1
1018	 206	 1
1018	 449	 1
1019	 449	 1
1019	 1709	 1
1020	 207	 1
1020	 205	 1
1021	 205	 1
1021	 444	 1
1022	 444	 1
1022	 449	 1
1023	 1746	 1
1023	 1271	 1
1024	 1271	 1
1024	 485	 1
1025	 485	 1
1025	 205	 1
1026	 444	 1
1026	 1585	 1
1027	 1585	 1
1027	 1745	 1
1028	 1585	 1
1028	 1586	 1
1029	 1586	 1
1029	 1749	 1
1030	 1270	 1
1030	 1269	 1
1031	 1269	 1
1031	 1586	 1
1032	 202	 1
1032	 460	 1
1033	 460	 1
1033	 1269	 1
1034	 459	 1
1034	 198	 1
1035	 198	 1
1035	 197	 1
1036	 460	 1
1036	 459	 1
1037	 469	 1
1037	 467	 1
1038	 467	 1
1038	 235	 1
1039	 235	 1
1039	 75	 1
1040	 468	 1
1040	 469	 1
1041	 236	 1
1041	 237	 1
1042	 235	 1
1042	 236	 1
1043	 238	 1
1043	 433	 1
1044	 433	 1
1044	 236	 1
1045	 825	 1
1045	 76	 1
1046	 433	 1
1046	 825	 1
1047	 835	 1
1047	 846	 1
1048	 825	 1
1048	 835	 1
1049	 835	 1
1049	 1244	 1
1050	 1244	 1
1050	 1570	 1
1051	 1245	 1
1051	 1569	 1
1052	 1244	 1
1052	 1245	 1
1053	 1011	 1
1053	 1014	 1
1054	 1014	 1
1054	 525	 1
1055	 525	 1
1055	 523	 1
1056	 310	 1
1056	 1011	 1
1057	 1012	 1
1057	 1010	 1
1058	 1010	 1
1058	 1013	 1
1059	 1013	 1
1059	 1014	 1
1060	 1011	 1
1060	 1012	 1
1061	 1013	 1
1061	 981	 1
1062	 981	 1
1062	 1631	 1
1063	 632	 1
1063	 1010	 1
1064	 981	 1
1064	 1627	 1
1065	 1627	 1
1065	 1630	 1
1066	 1628	 1
1066	 1626	 1
1067	 1626	 1
1067	 1627	 1
1068	 1359	 1
1068	 1361	 1
1069	 1626	 1
1069	 1359	 1
1070	 1359	 1
1070	 1358	 1
1071	 1358	 1
1071	 1360	 1
1072	 1358	 1
1072	 629	 1
1073	 629	 1
1073	 312	 1
1074	 312	 1
1074	 642	 1
1075	 142	 1
1075	 141	 1
1076	 141	 1
1076	 305	 1
1077	 305	 1
1077	 304	 1
1078	 304	 1
1078	 637	 1
1079	 637	 1
1079	 636	 1
1080	 637	 1
1080	 638	 1
1081	 638	 1
1081	 639	 1
1082	 638	 1
1082	 315	 1
1083	 315	 1
1083	 1155	 1
1084	 315	 1
1084	 772	 1
1085	 772	 1
1085	 1156	 1
1086	 772	 1
1086	 776	 1
1087	 776	 1
1087	 1174	 1
1088	 1172	 1
1088	 1170	 1
1089	 1170	 1
1089	 776	 1
1090	 1510	 1
1090	 1169	 1
1091	 1169	 1
1091	 1170	 1
1092	 1710	 1
1092	 56	 1
1093	 56	 1
1093	 1169	 1
1094	 56	 1
1094	 450	 1
1095	 450	 1
1095	 1709	 1
1096	 451	 1
1096	 449	 1
1097	 450	 1
1097	 451	 1
1098	 451	 1
1098	 445	 1
1099	 445	 1
1099	 444	 1
1100	 446	 1
1100	 1585	 1
1101	 445	 1
1101	 446	 1
1102	 446	 1
1102	 470	 1
1103	 470	 1
1103	 1586	 1
1104	 1269	 1
1104	 471	 1
1105	 471	 1
1105	 470	 1
1106	 471	 1
1106	 458	 1
1107	 458	 1
1107	 460	 1
1108	 459	 1
1108	 456	 1
1109	 456	 1
1109	 457	 1
1110	 457	 1
1110	 458	 1
1111	 856	 1
1111	 234	 1
1112	 234	 1
1112	 235	 1
1113	 467	 1
1113	 855	 1
1114	 855	 1
1114	 856	 1
1115	 236	 1
1115	 1225	 1
1116	 1225	 1
1116	 234	 1
1117	 1827	 1
1117	 433	 1
1118	 1225	 1
1118	 1827	 1
1119	 1826	 1
1119	 825	 1
1120	 1827	 1
1120	 1826	 1
1121	 835	 1
1121	 1238	 1
1122	 1238	 1
1122	 1826	 1
1123	 1244	 1
1123	 1243	 1
1124	 1243	 1
1124	 1238	 1
1125	 1245	 1
1125	 1242	 1
1126	 1242	 1
1126	 1243	 1
1127	 525	 1
1127	 84	 1
1128	 84	 1
1128	 251	 1
1129	 251	 1
1129	 1014	 1
1130	 1340	 1
1130	 251	 1
1131	 1013	 1
1131	 1340	 1
1132	 1339	 1
1132	 1340	 1
1133	 981	 1
1133	 1339	 1
1134	 1339	 1
1134	 1007	 1
1135	 1007	 1
1135	 1627	 1
1136	 1007	 1
1136	 1356	 1
1137	 1356	 1
1137	 1626	 1
1138	 1359	 1
1138	 1357	 1
1139	 1357	 1
1139	 1356	 1
1140	 629	 1
1140	 628	 1
1141	 628	 1
1141	 627	 1
1142	 627	 1
1142	 1357	 1
1143	 637	 1
1143	 395	 1
1144	 395	 1
1144	 110	 1
1145	 110	 1
1145	 303	 1
1146	 303	 1
1146	 304	 1
1147	 395	 1
1147	 396	 1
1148	 396	 1
1148	 638	 1
1149	 315	 1
1149	 152	 1
1150	 152	 1
1150	 396	 1
1151	 771	 1
1151	 772	 1
1152	 152	 1
1152	 151	 1
1153	 151	 1
1153	 394	 1
1154	 394	 1
1154	 771	 1
1155	 1164	 1
1155	 771	 1
1156	 776	 1
1156	 770	 1
1157	 770	 1
1157	 1163	 1
1158	 1163	 1
1158	 1164	 1
1159	 1170	 1
1159	 143	 1
1160	 143	 1
1160	 770	 1
1161	 1169	 1
1161	 2	 1
1162	 2	 1
1162	 143	 1
1163	 183	 1
1163	 2	 1
1164	 56	 1
1164	 183	 1
1165	 183	 1
1165	 187	 1
1166	 187	 1
1166	 450	 1
1167	 188	 1
1167	 451	 1
1168	 187	 1
1168	 188	 1
1169	 188	 1
1169	 186	 1
1170	 186	 1
1170	 445	 1
1171	 186	 1
1171	 448	 1
1172	 448	 1
1172	 446	 1
1173	 470	 1
1173	 447	 1
1174	 447	 1
1174	 448	 1
1175	 447	 1
1175	 201	 1
1176	 201	 1
1176	 471	 1
1177	 201	 1
1177	 200	 1
1178	 200	 1
1178	 199	 1
1179	 199	 1
1179	 457	 1
1180	 1546	 1
1180	 195	 1
1181	 195	 1
1181	 857	 1
1182	 857	 1
1182	 856	 1
1183	 234	 1
1183	 1547	 1
1184	 1547	 1
1184	 1546	 1
1185	 1553	 1
1185	 1225	 1
1186	 1547	 1
1186	 1553	 1
1187	 1828	 1
1187	 1827	 1
1188	 1553	 1
1188	 1828	 1
1189	 1829	 1
1189	 1826	 1
1190	 1828	 1
1190	 1829	 1
1191	 1238	 1
1191	 1237	 1
1192	 1237	 1
1192	 1829	 1
1193	 1237	 1
1193	 177	 1
1194	 177	 1
1194	 1243	 1
1195	 177	 1
1195	 176	 1
1196	 176	 1
1196	 1242	 1
1197	 251	 1
1197	 595	 1
1198	 595	 1
1198	 250	 1
1199	 250	 1
1199	 84	 1
1200	 1341	 1
1200	 595	 1
1201	 1340	 1
1201	 1341	 1
1202	 1342	 1
1202	 1339	 1
1203	 1341	 1
1203	 1342	 1
1204	 1007	 1
1204	 1008	 1
1205	 1008	 1
1205	 1342	 1
1206	 1009	 1
1206	 1356	 1
1207	 1008	 1
1207	 1009	 1
1208	 1357	 1
1208	 309	 1
1209	 309	 1
1209	 1009	 1
1210	 1004	 1
1210	 306	 1
1211	 306	 1
1211	 309	 1
1212	 627	 1
1212	 1003	 1
1213	 1003	 1
1213	 1004	 1
1214	 622	 1
1214	 620	 1
1215	 620	 1
1215	 626	 1
1216	 626	 1
1216	 110	 1
1217	 303	 1
1217	 621	 1
1218	 621	 1
1218	 622	 1
1219	 624	 1
1219	 395	 1
1220	 626	 1
1220	 624	 1
1221	 397	 1
1221	 624	 1
1222	 396	 1
1222	 397	 1
1223	 1160	 1
1223	 151	 1
1224	 397	 1
1224	 1159	 1
1225	 1159	 1
1225	 1160	 1
1226	 1165	 1
1226	 147	 1
1227	 147	 1
1227	 39	 1
1228	 39	 1
1228	 143	 1
1229	 1163	 1
1229	 1165	 1
1230	 2	 1
1230	 185	 1
1231	 185	 1
1231	 39	 1
1232	 184	 1
1232	 185	 1
1233	 183	 1
1233	 184	 1
1234	 802	 1
1234	 187	 1
1235	 184	 1
1235	 802	 1
1236	 1527	 1
1236	 188	 1
1237	 802	 1
1237	 1527	 1
1238	 1528	 1
1238	 186	 1
1239	 1527	 1
1239	 1528	 1
1240	 448	 1
1240	 1203	 1
1241	 1203	 1
1241	 1528	 1
1242	 447	 1
1242	 57	 1
1243	 57	 1
1243	 1203	 1
1244	 57	 1
1244	 63	 1
1245	 63	 1
1245	 201	 1
1246	 63	 1
1246	 191	 1
1247	 191	 1
1247	 200	 1
1248	 195	 1
1248	 193	 1
1249	 193	 1
1249	 64	 1
1250	 64	 1
1250	 1548	 1
1251	 1548	 1
1251	 1546	 1
1252	 1549	 1
1252	 1547	 1
1253	 1548	 1
1253	 1549	 1
1254	 1552	 1
1254	 1553	 1
1255	 1549	 1
1255	 1552	 1
1256	 1552	 1
1256	 1740	 1
1257	 1740	 1
1257	 1828	 1
1258	 1829	 1
1258	 1739	 1
1259	 1739	 1
1259	 1740	 1
1260	 1237	 1
1260	 178	 1
1261	 178	 1
1261	 1739	 1
1262	 435	 1
1262	 177	 1
1263	 178	 1
1263	 435	 1
1264	 176	 1
1264	 434	 1
1265	 434	 1
1265	 435	 1
1266	 596	 1
1266	 595	 1
1267	 250	 1
1267	 592	 1
1268	 592	 1
1268	 596	 1
1269	 596	 1
1269	 983	 1
1270	 983	 1
1270	 1341	 1
1271	 983	 1
1271	 982	 1
1272	 982	 1
1272	 1342	 1
1273	 982	 1
1273	 631	 1
1274	 631	 1
1274	 1008	 1
1275	 1009	 1
1275	 630	 1
1276	 630	 1
1276	 631	 1
1277	 630	 1
1277	 111	 1
1278	 111	 1
1278	 307	 1
1279	 307	 1
1279	 306	 1
1280	 994	 1
1280	 618	 1
1281	 618	 1
1281	 620	 1
1282	 626	 1
1282	 995	 1
1283	 995	 1
1283	 994	 1
1284	 624	 1
1284	 625	 1
1285	 625	 1
1285	 995	 1
1286	 397	 1
1286	 383	 1
1287	 383	 1
1287	 625	 1
1288	 383	 1
1288	 767	 1
1289	 767	 1
1289	 1158	 1
1290	 1158	 1
1290	 1159	 1
1291	 1166	 1
1291	 393	 1
1292	 393	 1
1292	 391	 1
1293	 391	 1
1293	 148	 1
1294	 148	 1
1294	 147	 1
1295	 1165	 1
1295	 1166	 1
1296	 39	 1
1296	 386	 1
1297	 386	 1
1297	 148	 1
1298	 385	 1
1298	 185	 1
1299	 386	 1
1299	 385	 1
1300	 1725	 1
1300	 184	 1
1301	 385	 1
1301	 1725	 1
1302	 1726	 1
1302	 802	 1
1303	 1725	 1
1303	 1726	 1
1304	 1527	 1
1304	 1530	 1
1305	 1530	 1
1305	 1726	 1
1306	 1529	 1
1306	 1530	 1
1307	 1528	 1
1307	 1529	 1
1308	 1529	 1
1308	 1204	 1
1309	 1204	 1
1309	 1203	 1
1310	 1204	 1
1310	 41	 1
1311	 41	 1
1311	 57	 1
1312	 60	 1
1312	 41	 1
1313	 63	 1
1313	 60	 1
1314	 60	 1
1314	 62	 1
1315	 62	 1
1315	 61	 1
1316	 61	 1
1316	 190	 1
1317	 190	 1
1317	 191	 1
1318	 1229	 1
1318	 58	 1
1319	 58	 1
1319	 64	 1
1320	 1548	 1
1320	 1230	 1
1321	 1230	 1
1321	 1229	 1
1322	 1230	 1
1322	 1551	 1
1323	 1551	 1
1323	 1549	 1
1324	 1552	 1
1324	 1550	 1
1325	 1550	 1
1325	 1551	 1
1326	 1740	 1
1326	 1240	 1
1327	 1240	 1
1327	 1550	 1
1328	 1240	 1
1328	 1239	 1
1329	 1239	 1
1329	 1739	 1
1330	 178	 1
1330	 179	 1
1331	 179	 1
1331	 1239	 1
1332	 437	 1
1332	 179	 1
1333	 435	 1
1333	 437	 1
1334	 434	 1
1334	 436	 1
1335	 436	 1
1335	 437	 1
1336	 596	 1
1336	 594	 1
1337	 594	 1
1337	 591	 1
1338	 591	 1
1338	 592	 1
1339	 594	 1
1339	 1335	 1
1340	 1335	 1
1340	 983	 1
1341	 1336	 1
1341	 1335	 1
1342	 982	 1
1342	 1336	 1
1343	 631	 1
1343	 601	 1
1344	 601	 1
1344	 1336	 1
1345	 111	 1
1345	 598	 1
1346	 598	 1
1346	 601	 1
1347	 994	 1
1347	 997	 1
1348	 997	 1
1348	 298	 1
1349	 298	 1
1349	 296	 1
1350	 296	 1
1350	 297	 1
1351	 297	 1
1351	 619	 1
1352	 619	 1
1352	 618	 1
1353	 995	 1
1353	 996	 1
1354	 996	 1
1354	 997	 1
1355	 625	 1
1355	 384	 1
1356	 384	 1
1356	 996	 1
1357	 768	 1
1357	 764	 1
1358	 764	 1
1358	 384	 1
1359	 767	 1
1359	 768	 1
1360	 392	 1
1360	 149	 1
1361	 149	 1
1361	 387	 1
1362	 387	 1
1362	 389	 1
1363	 389	 1
1363	 148	 1
1364	 391	 1
1364	 392	 1
1365	 1223	 1
1365	 389	 1
1366	 386	 1
1366	 1223	 1
1367	 1539	 1
1367	 385	 1
1368	 1223	 1
1368	 1539	 1
1369	 1724	 1
1369	 1725	 1
1370	 1539	 1
1370	 1724	 1
1371	 1727	 1
1371	 1724	 1
1372	 1726	 1
1372	 1727	 1
1373	 1530	 1
1373	 1730	 1
1374	 1730	 1
1374	 1727	 1
1375	 1730	 1
1375	 1532	 1
1376	 1532	 1
1376	 1529	 1
1377	 1532	 1
1377	 1218	 1
1378	 1218	 1
1378	 1204	 1
1379	 1218	 1
1379	 164	 1
1380	 164	 1
1380	 41	 1
1381	 62	 1
1381	 1	 1
1382	 1	 1
1382	 164	 1
1383	 1229	 1
1383	 1228	 1
1384	 1228	 1
1384	 1227	 1
1385	 1227	 1
1385	 1226	 1
1386	 1226	 1
1386	 1557	 1
1387	 1557	 1
1387	 1230	 1
1388	 1557	 1
1388	 1556	 1
1389	 1556	 1
1389	 1551	 1
1390	 1550	 1
1390	 438	 1
1391	 438	 1
1391	 1556	 1
1392	 1241	 1
1392	 438	 1
1393	 1240	 1
1393	 1241	 1
1394	 1567	 1
1394	 1239	 1
1395	 1241	 1
1395	 1567	 1
1396	 1567	 1
1396	 1566	 1
1397	 1566	 1
1397	 179	 1
1398	 437	 1
1398	 828	 1
1399	 828	 1
1399	 1566	 1
1400	 828	 1
1400	 827	 1
1401	 827	 1
1401	 436	 1
1402	 594	 1
1402	 593	 1
1403	 593	 1
1403	 590	 1
1404	 590	 1
1404	 591	 1
1405	 1338	 1
1405	 593	 1
1406	 1335	 1
1406	 1338	 1
1407	 1336	 1
1407	 1337	 1
1408	 1337	 1
1408	 1338	 1
1409	 601	 1
1409	 599	 1
1410	 599	 1
1410	 1337	 1
1411	 1353	 1
1411	 600	 1
1412	 600	 1
1412	 599	 1
1413	 598	 1
1413	 1352	 1
1414	 1352	 1
1414	 1353	 1
1415	 993	 1
1415	 296	 1
1416	 298	 1
1416	 597	 1
1417	 597	 1
1417	 991	 1
1418	 991	 1
1418	 993	 1
1419	 597	 1
1419	 603	 1
1420	 603	 1
1420	 997	 1
1421	 603	 1
1421	 602	 1
1422	 602	 1
1422	 996	 1
1423	 384	 1
1423	 300	 1
1424	 300	 1
1424	 602	 1
1425	 765	 1
1425	 381	 1
1426	 381	 1
1426	 300	 1
1427	 764	 1
1427	 765	 1
1428	 387	 1
1428	 390	 1
1429	 390	 1
1429	 146	 1
1430	 146	 1
1430	 145	 1
1431	 145	 1
1431	 150	 1
1432	 150	 1
1432	 149	 1
1433	 390	 1
1433	 388	 1
1434	 388	 1
1434	 389	 1
1435	 1536	 1
1435	 388	 1
1436	 1223	 1
1436	 1536	 1
1437	 1537	 1
1437	 1536	 1
1438	 1539	 1
1438	 1537	 1
1439	 1537	 1
1439	 1538	 1
1440	 1538	 1
1440	 1724	 1
1441	 1727	 1
1441	 1728	 1
1442	 1728	 1
1442	 1538	 1
1443	 1728	 1
1443	 1729	 1
1444	 1729	 1
1444	 1730	 1
1445	 1532	 1
1445	 1533	 1
1446	 1533	 1
1446	 1729	 1
1447	 1533	 1
1447	 1217	 1
1448	 1217	 1
1448	 1218	 1
1449	 164	 1
1449	 163	 1
1450	 163	 1
1450	 1217	 1
1451	 45	 1
1451	 1	 1
1452	 163	 1
1452	 44	 1
1453	 44	 1
1453	 45	 1
1454	 1227	 1
1454	 426	 1
1455	 426	 1
1455	 425	 1
1456	 425	 1
1456	 821	 1
1457	 821	 1
1457	 1226	 1
1458	 1557	 1
1458	 1554	 1
1459	 1554	 1
1459	 821	 1
1460	 1554	 1
1460	 1555	 1
1461	 1555	 1
1461	 1556	 1
1462	 438	 1
1462	 1541	 1
1463	 1541	 1
1463	 1555	 1
1464	 1540	 1
1464	 1241	 1
1465	 1541	 1
1465	 1540	 1
1466	 1568	 1
1466	 1540	 1
1467	 1567	 1
1467	 1568	 1
1468	 1568	 1
1468	 1565	 1
1469	 1565	 1
1469	 1566	 1
1470	 828	 1
1470	 834	 1
1471	 834	 1
1471	 1565	 1
1472	 834	 1
1472	 826	 1
1473	 826	 1
1473	 827	 1
1474	 588	 1
1474	 288	 1
1475	 288	 1
1475	 593	 1
1476	 590	 1
1476	 588	 1
1477	 288	 1
1477	 980	 1
1478	 980	 1
1478	 1338	 1
1479	 1337	 1
1479	 988	 1
1480	 988	 1
1480	 980	 1
1481	 987	 1
1481	 988	 1
1482	 600	 1
1482	 985	 1
1483	 985	 1
1483	 984	 1
1484	 984	 1
1484	 987	 1
1485	 1347	 1
1485	 1351	 1
1486	 1351	 1
1486	 597	 1
1487	 991	 1
1487	 992	 1
1488	 992	 1
1488	 1346	 1
1489	 1346	 1
1489	 1347	 1
1490	 603	 1
1490	 1348	 1
1491	 1348	 1
1491	 1351	 1
1492	 602	 1
1492	 301	 1
1493	 301	 1
1493	 1348	 1
1494	 382	 1
1494	 299	 1
1495	 299	 1
1495	 302	 1
1496	 302	 1
1496	 301	 1
1497	 381	 1
1497	 382	 1
1498	 564	 1
1498	 390	 1
1499	 146	 1
1499	 144	 1
1500	 144	 1
1500	 280	 1
1501	 280	 1
1501	 564	 1
1502	 388	 1
1502	 562	 1
1503	 562	 1
1503	 564	 1
1504	 562	 1
1504	 1535	 1
1505	 1535	 1
1505	 1536	 1
1506	 1537	 1
1506	 1534	 1
1507	 1534	 1
1507	 1535	 1
1508	 1534	 1
1508	 816	 1
1509	 816	 1
1509	 1538	 1
1510	 1728	 1
1510	 1215	 1
1511	 1215	 1
1511	 816	 1
1512	 1729	 1
1512	 1216	 1
1513	 1216	 1
1513	 1215	 1
1514	 1216	 1
1514	 813	 1
1515	 813	 1
1515	 1533	 1
1516	 813	 1
1516	 162	 1
1517	 162	 1
1517	 1217	 1
1518	 163	 1
1518	 161	 1
1519	 161	 1
1519	 162	 1
1520	 429	 1
1520	 161	 1
1521	 44	 1
1521	 428	 1
1522	 428	 1
1522	 429	 1
1523	 821	 1
1523	 43	 1
1524	 43	 1
1524	 172	 1
1525	 172	 1
1525	 424	 1
1526	 424	 1
1526	 425	 1
1527	 43	 1
1527	 1736	 1
1528	 1736	 1
1528	 1554	 1
1529	 1735	 1
1529	 1736	 1
1530	 1555	 1
1530	 1735	 1
1531	 1734	 1
1531	 1735	 1
1532	 1541	 1
1532	 1734	 1
1533	 1540	 1
1533	 1733	 1
1534	 1733	 1
1534	 1734	 1
1535	 1733	 1
1535	 831	 1
1536	 831	 1
1536	 1568	 1
1537	 831	 1
1537	 832	 1
1538	 832	 1
1538	 1565	 1
1539	 832	 1
1539	 833	 1
1540	 833	 1
1540	 834	 1
1541	 826	 1
1541	 439	 1
1542	 439	 1
1542	 833	 1
1543	 288	 1
1543	 289	 1
1544	 289	 1
1544	 291	 1
1545	 291	 1
1545	 588	 1
1546	 980	 1
1546	 586	 1
1547	 586	 1
1547	 289	 1
1548	 988	 1
1548	 989	 1
1549	 989	 1
1549	 586	 1
1550	 989	 1
1550	 990	 1
1551	 990	 1
1551	 987	 1
1552	 1635	 1
1552	 1639	 1
1553	 1639	 1
1553	 990	 1
1554	 984	 1
1554	 1634	 1
1555	 1634	 1
1555	 1635	 1
1556	 1639	 1
1556	 1640	 1
1557	 1640	 1
1557	 1347	 1
1558	 1346	 1
1558	 1633	 1
1559	 1633	 1
1559	 1635	 1
1560	 1640	 1
1560	 1350	 1
1561	 1350	 1
1561	 1351	 1
1562	 1348	 1
1562	 1349	 1
1563	 1349	 1
1563	 1350	 1
1564	 302	 1
1564	 605	 1
1565	 605	 1
1565	 1349	 1
1566	 616	 1
1566	 609	 1
1567	 609	 1
1567	 144	 1
1568	 280	 1
1568	 612	 1
1569	 612	 1
1569	 614	 1
1570	 614	 1
1570	 616	 1
1571	 564	 1
1571	 572	 1
1572	 572	 1
1572	 612	 1
1573	 562	 1
1573	 563	 1
1574	 563	 1
1574	 572	 1
1575	 563	 1
1575	 419	 1
1576	 419	 1
1576	 1535	 1
1577	 1534	 1
1577	 420	 1
1578	 420	 1
1578	 419	 1
1579	 816	 1
1579	 815	 1
1580	 815	 1
1580	 420	 1
1581	 1222	 1
1581	 815	 1
1582	 1215	 1
1582	 1222	 1
1583	 1216	 1
1583	 1219	 1
1584	 1219	 1
1584	 1222	 1
1585	 813	 1
1585	 415	 1
1586	 415	 1
1586	 1219	 1
1587	 160	 1
1587	 162	 1
1588	 415	 1
1588	 160	 1
1589	 160	 1
1589	 159	 1
1590	 159	 1
1590	 161	 1
1591	 430	 1
1591	 174	 1
1592	 174	 1
1592	 10	 1
1593	 10	 1
1593	 159	 1
1594	 429	 1
1594	 430	 1
1595	 173	 1
1595	 46	 1
1596	 46	 1
1596	 47	 1
1597	 47	 1
1597	 43	 1
1598	 172	 1
1598	 173	 1
1599	 1737	 1
1599	 47	 1
1600	 1736	 1
1600	 1737	 1
1601	 1738	 1
1601	 1735	 1
1602	 1737	 1
1602	 1738	 1
1603	 1734	 1
1603	 1731	 1
1604	 1731	 1
1604	 1738	 1
1605	 1731	 1
1605	 1732	 1
1606	 1732	 1
1606	 1733	 1
1607	 1732	 1
1607	 829	 1
1608	 829	 1
1608	 831	 1
1609	 829	 1
1609	 830	 1
1610	 830	 1
1610	 832	 1
1611	 833	 1
1611	 822	 1
1612	 822	 1
1612	 830	 1
1613	 822	 1
1613	 180	 1
1614	 180	 1
1614	 439	 1
1615	 952	 1
1615	 289	 1
1616	 291	 1
1616	 951	 1
1617	 951	 1
1617	 952	 1
1618	 586	 1
1618	 286	 1
1619	 286	 1
1619	 952	 1
1620	 989	 1
1620	 293	 1
1621	 293	 1
1621	 286	 1
1622	 990	 1
1622	 986	 1
1623	 986	 1
1623	 293	 1
1624	 986	 1
1624	 1638	 1
1625	 1638	 1
1625	 1639	 1
1626	 1640	 1
1626	 1637	 1
1627	 1637	 1
1627	 1638	 1
1628	 1350	 1
1628	 1345	 1
1629	 1345	 1
1629	 1637	 1
1630	 1345	 1
1630	 607	 1
1631	 607	 1
1631	 1349	 1
1632	 608	 1
1632	 606	 1
1633	 606	 1
1633	 604	 1
1634	 604	 1
1634	 605	 1
1635	 607	 1
1635	 608	 1
1636	 999	 1
1636	 617	 1
1637	 617	 1
1637	 614	 1
1638	 616	 1
1638	 615	 1
1639	 615	 1
1639	 998	 1
1640	 998	 1
1640	 999	 1
1641	 617	 1
1641	 613	 1
1642	 613	 1
1642	 612	 1
1643	 573	 1
1643	 613	 1
1644	 572	 1
1644	 573	 1
1645	 573	 1
1645	 571	 1
1646	 571	 1
1646	 563	 1
1647	 571	 1
1647	 168	 1
1648	 168	 1
1648	 419	 1
1649	 168	 1
1649	 167	 1
1650	 167	 1
1650	 420	 1
1651	 815	 1
1651	 814	 1
1652	 814	 1
1652	 167	 1
1653	 1222	 1
1653	 1221	 1
1654	 1221	 1
1654	 814	 1
1655	 1219	 1
1655	 1220	 1
1656	 1220	 1
1656	 1221	 1
1657	 415	 1
1657	 1208	 1
1658	 1208	 1
1658	 1220	 1
1659	 1208	 1
1659	 1205	 1
1660	 1205	 1
1660	 160	 1
1661	 10	 1
1661	 11	 1
1662	 11	 1
1662	 1205	 1
1663	 423	 1
1663	 47	 1
1664	 46	 1
1664	 169	 1
1665	 169	 1
1665	 422	 1
1666	 422	 1
1666	 423	 1
1667	 423	 1
1667	 1178	 1
1668	 1178	 1
1668	 1179	 1
1669	 1179	 1
1669	 1545	 1
1670	 1545	 1
1670	 1737	 1
1671	 1738	 1
1671	 1542	 1
1672	 1542	 1
1672	 1543	 1
1673	 1543	 1
1673	 1544	 1
1674	 1544	 1
1674	 1545	 1
1675	 1731	 1
1675	 1224	 1
1676	 1224	 1
1676	 1542	 1
1677	 1732	 1
1677	 823	 1
1678	 823	 1
1678	 1224	 1
1679	 823	 1
1679	 1563	 1
1680	 1563	 1
1680	 829	 1
1681	 1564	 1
1681	 830	 1
1682	 1563	 1
1682	 1564	 1
1683	 1564	 1
1683	 1231	 1
1684	 1231	 1
1684	 822	 1
1685	 1231	 1
1685	 181	 1
1686	 181	 1
1686	 180	 1
1687	 952	 1
1687	 950	 1
1688	 950	 1
1688	 949	 1
1689	 949	 1
1689	 951	 1
1690	 286	 1
1690	 287	 1
1691	 287	 1
1691	 950	 1
1692	 293	 1
1692	 294	 1
1693	 294	 1
1693	 287	 1
1694	 295	 1
1694	 986	 1
1695	 294	 1
1695	 295	 1
1696	 1638	 1
1696	 1344	 1
1697	 1344	 1
1697	 295	 1
1698	 1344	 1
1698	 1343	 1
1699	 1343	 1
1699	 1637	 1
1700	 1345	 1
1700	 967	 1
1701	 967	 1
1701	 1343	 1
1702	 966	 1
1702	 109	 1
1703	 109	 1
1703	 608	 1
1704	 967	 1
1704	 966	 1
1705	 1000	 1
1705	 565	 1
1706	 565	 1
1706	 568	 1
1707	 568	 1
1707	 969	 1
1708	 969	 1
1708	 617	 1
1709	 999	 1
1709	 1000	 1
1710	 969	 1
1710	 972	 1
1711	 972	 1
1711	 613	 1
1712	 972	 1
1712	 575	 1
1713	 575	 1
1713	 573	 1
1714	 575	 1
1714	 570	 1
1715	 570	 1
1715	 571	 1
1716	 743	 1
1716	 168	 1
1717	 570	 1
1717	 743	 1
1718	 167	 1
1718	 742	 1
1719	 742	 1
1719	 743	 1
1720	 742	 1
1720	 166	 1
1721	 166	 1
1721	 814	 1
1722	 1221	 1
1722	 165	 1
1723	 165	 1
1723	 166	 1
1724	 165	 1
1724	 803	 1
1725	 803	 1
1725	 1220	 1
1726	 1208	 1
1726	 1207	 1
1727	 1207	 1
1727	 803	 1
1728	 1205	 1
1728	 1206	 1
1729	 1206	 1
1729	 1207	 1
1730	 11	 1
1730	 12	 1
1731	 12	 1
1731	 42	 1
1732	 42	 1
1732	 1206	 1
1733	 169	 1
1733	 170	 1
1734	 170	 1
1734	 403	 1
1735	 403	 1
1735	 402	 1
1736	 402	 1
1736	 171	 1
1737	 171	 1
1737	 421	 1
1738	 421	 1
1738	 422	 1
1739	 421	 1
1739	 1177	 1
1740	 1177	 1
1740	 1178	 1
1741	 1543	 1
1741	 1235	 1
1742	 1235	 1
1742	 1234	 1
1743	 1234	 1
1743	 824	 1
1744	 824	 1
1744	 1224	 1
1745	 824	 1
1745	 1478	 1
1746	 1478	 1
1746	 823	 1
1747	 1561	 1
1747	 1563	 1
1748	 1478	 1
1748	 1561	 1
1749	 1564	 1
1749	 1562	 1
1750	 1562	 1
1750	 1561	 1
1751	 1562	 1
1751	 1560	 1
1752	 1560	 1
1752	 1231	 1
1753	 1560	 1
1753	 1127	 1
1754	 1127	 1
1754	 181	 1
1755	 950	 1
1755	 546	 1
1756	 546	 1
1756	 948	 1
1757	 948	 1
1757	 949	 1
1758	 287	 1
1758	 258	 1
1759	 258	 1
1759	 546	 1
1760	 294	 1
1760	 257	 1
1761	 257	 1
1761	 258	 1
1762	 257	 1
1762	 275	 1
1763	 275	 1
1763	 295	 1
1764	 275	 1
1764	 276	 1
1765	 276	 1
1765	 1344	 1
1766	 276	 1
1766	 558	 1
1767	 558	 1
1767	 1343	 1
1768	 963	 1
1768	 558	 1
1769	 967	 1
1769	 963	 1
1770	 963	 1
1770	 964	 1
1771	 964	 1
1771	 965	 1
1772	 965	 1
1772	 966	 1
1773	 568	 1
1773	 569	 1
1774	 569	 1
1774	 98	 1
1775	 98	 1
1775	 566	 1
1776	 566	 1
1776	 565	 1
1777	 569	 1
1777	 970	 1
1778	 970	 1
1778	 969	 1
1779	 970	 1
1779	 971	 1
1780	 971	 1
1780	 972	 1
1781	 971	 1
1781	 574	 1
1782	 574	 1
1782	 575	 1
1783	 570	 1
1783	 820	 1
1784	 820	 1
1784	 574	 1
1785	 818	 1
1785	 743	 1
1786	 820	 1
1786	 818	 1
1787	 818	 1
1787	 741	 1
1788	 741	 1
1788	 742	 1
1789	 805	 1
1789	 166	 1
1790	 741	 1
1790	 805	 1
1791	 806	 1
1791	 165	 1
1792	 805	 1
1792	 806	 1
1793	 803	 1
1793	 1213	 1
1794	 1213	 1
1794	 806	 1
1795	 1213	 1
1795	 1212	 1
1796	 1212	 1
1796	 1207	 1
1797	 1206	 1
1797	 417	 1
1798	 417	 1
1798	 1212	 1
1799	 418	 1
1799	 406	 1
1800	 406	 1
1800	 405	 1
1801	 405	 1
1801	 42	 1
1802	 417	 1
1802	 418	 1
1803	 1233	 1
1803	 379	 1
1804	 379	 1
1804	 376	 1
1805	 376	 1
1805	 786	 1
1806	 786	 1
1806	 788	 1
1807	 788	 1
1807	 1232	 1
1808	 1232	 1
1808	 1233	 1
1809	 824	 1
1809	 378	 1
1810	 378	 1
1810	 379	 1
1811	 1233	 1
1811	 1234	 1
1812	 1479	 1
1812	 378	 1
1813	 1478	 1
1813	 1479	 1
1814	 1479	 1
1814	 1477	 1
1815	 1477	 1
1815	 1561	 1
1816	 1562	 1
1816	 1558	 1
1817	 1558	 1
1817	 1477	 1
1818	 1558	 1
1818	 1559	 1
1819	 1559	 1
1819	 1560	 1
1820	 1127	 1
1820	 1131	 1
1821	 1131	 1
1821	 1559	 1
1822	 948	 1
1822	 542	 1
1823	 542	 1
1823	 541	 1
1824	 541	 1
1824	 546	 1
1825	 258	 1
1825	 259	 1
1826	 259	 1
1826	 541	 1
1827	 257	 1
1827	 256	 1
1828	 256	 1
1828	 259	 1
1829	 274	 1
1829	 275	 1
1830	 256	 1
1830	 274	 1
1831	 277	 1
1831	 274	 1
1832	 276	 1
1832	 277	 1
1833	 277	 1
1833	 273	 1
1834	 273	 1
1834	 558	 1
1835	 964	 1
1835	 555	 1
1836	 555	 1
1836	 272	 1
1837	 272	 1
1837	 273	 1
1838	 101	 1
1838	 98	 1
1839	 569	 1
1839	 107	 1
1840	 107	 1
1840	 99	 1
1841	 99	 1
1841	 100	 1
1842	 100	 1
1842	 101	 1
1843	 970	 1
1843	 106	 1
1844	 106	 1
1844	 107	 1
1845	 971	 1
1845	 745	 1
1846	 745	 1
1846	 106	 1
1847	 745	 1
1847	 746	 1
1848	 746	 1
1848	 574	 1
1849	 746	 1
1849	 819	 1
1850	 819	 1
1850	 820	 1
1851	 818	 1
1851	 817	 1
1852	 817	 1
1852	 819	 1
1853	 741	 1
1853	 735	 1
1854	 735	 1
1854	 817	 1
1855	 804	 1
1855	 735	 1
1856	 805	 1
1856	 804	 1
1857	 807	 1
1857	 804	 1
1858	 806	 1
1858	 807	 1
1859	 1214	 1
1859	 1213	 1
1860	 807	 1
1860	 1214	 1
1861	 1211	 1
1861	 1212	 1
1862	 1214	 1
1862	 1211	 1
1863	 1716	 1
1863	 1713	 1
1864	 1713	 1
1864	 1712	 1
1865	 1712	 1
1865	 808	 1
1866	 808	 1
1866	 1210	 1
1867	 1210	 1
1867	 1209	 1
1868	 1209	 1
1868	 416	 1
1869	 416	 1
1869	 810	 1
1870	 810	 1
1870	 1211	 1
1871	 418	 1
1871	 1715	 1
1872	 1715	 1
1872	 1716	 1
1873	 1190	 1
1873	 1191	 1
1874	 1191	 1
1874	 408	 1
1875	 408	 1
1875	 781	 1
1876	 781	 1
1876	 782	 1
1877	 782	 1
1877	 1190	 1
1878	 787	 1
1878	 408	 1
1879	 1191	 1
1879	 140	 1
1880	 140	 1
1880	 376	 1
1881	 786	 1
1881	 787	 1
1882	 140	 1
1882	 380	 1
1883	 380	 1
1883	 379	 1
1884	 380	 1
1884	 377	 1
1885	 377	 1
1885	 378	 1
1886	 1479	 1
1886	 1125	 1
1887	 1125	 1
1887	 377	 1
1888	 1477	 1
1888	 1476	 1
1889	 1476	 1
1889	 1125	 1
1890	 1558	 1
1890	 1475	 1
1891	 1475	 1
1891	 1476	 1
1892	 1493	 1
1892	 1130	 1
1893	 1130	 1
1893	 1559	 1
1894	 1475	 1
1894	 1492	 1
1895	 1492	 1
1895	 1493	 1
1896	 1132	 1
1896	 1131	 1
1897	 1130	 1
1897	 1132	 1
1898	 545	 1
1898	 544	 1
1899	 544	 1
1899	 541	 1
1900	 542	 1
1900	 545	 1
1901	 259	 1
1901	 261	 1
1902	 261	 1
1902	 544	 1
1903	 261	 1
1903	 260	 1
1904	 260	 1
1904	 256	 1
1905	 274	 1
1905	 108	 1
1906	 108	 1
1906	 260	 1
1907	 265	 1
1907	 87	 1
1908	 87	 1
1908	 108	 1
1909	 277	 1
1909	 264	 1
1910	 264	 1
1910	 265	 1
1911	 1624	 1
1911	 93	 1
1912	 93	 1
1912	 272	 1
1913	 264	 1
1913	 266	 1
1914	 266	 1
1914	 263	 1
1915	 263	 1
1915	 1623	 1
1916	 1623	 1
1916	 1624	 1
1917	 100	 1
1917	 97	 1
1918	 97	 1
1918	 27	 1
1919	 27	 1
1919	 96	 1
1920	 96	 1
1920	 279	 1
1921	 279	 1
1921	 99	 1
1922	 278	 1
1922	 279	 1
1923	 107	 1
1923	 278	 1
1924	 744	 1
1924	 106	 1
1925	 278	 1
1925	 744	 1
1926	 747	 1
1926	 744	 1
1927	 745	 1
1927	 747	 1
1928	 747	 1
1928	 1469	 1
1929	 1469	 1
1929	 746	 1
1930	 1468	 1
1930	 819	 1
1931	 1469	 1
1931	 1468	 1
1932	 817	 1
1932	 748	 1
1933	 748	 1
1933	 1468	 1
1934	 736	 1
1934	 748	 1
1935	 735	 1
1935	 736	 1
1936	 804	 1
1936	 1112	 1
1937	 1112	 1
1937	 736	 1
1938	 1109	 1
1938	 1112	 1
1939	 807	 1
1939	 1109	 1
1940	 1111	 1
1940	 812	 1
1941	 812	 1
1941	 1214	 1
1942	 1109	 1
1942	 1111	 1
1943	 810	 1
1943	 809	 1
1944	 809	 1
1944	 811	 1
1945	 811	 1
1945	 812	 1
1946	 1721	 1
1946	 1516	 1
1947	 1516	 1
1947	 780	 1
1948	 780	 1
1948	 1192	 1
1949	 1192	 1
1949	 1190	 1
1950	 782	 1
1950	 783	 1
1951	 783	 1
1951	 1189	 1
1952	 1189	 1
1952	 1720	 1
1953	 1720	 1
1953	 1721	 1
1954	 1191	 1
1954	 1193	 1
1955	 1193	 1
1955	 1192	 1
1956	 1193	 1
1956	 1194	 1
1957	 1194	 1
1957	 140	 1
1958	 380	 1
1958	 135	 1
1959	 135	 1
1959	 1194	 1
1960	 377	 1
1960	 137	 1
1961	 137	 1
1961	 135	 1
1962	 1125	 1
1962	 38	 1
1963	 38	 1
1963	 137	 1
1964	 1482	 1
1964	 756	 1
1965	 756	 1
1965	 1476	 1
1966	 38	 1
1966	 1481	 1
1967	 1481	 1
1967	 1482	 1
1968	 1697	 1
1968	 1492	 1
1969	 756	 1
1969	 1696	 1
1970	 1696	 1
1970	 1697	 1
1971	 1494	 1
1971	 1137	 1
1972	 1137	 1
1972	 1487	 1
1973	 1487	 1
1973	 1132	 1
1974	 1493	 1
1974	 1494	 1
1975	 1616	 1
1975	 545	 1
1976	 544	 1
1976	 1310	 1
1977	 1310	 1
1977	 1616	 1
1978	 261	 1
1978	 941	 1
1979	 941	 1
1979	 1310	 1
1980	 260	 1
1980	 262	 1
1981	 262	 1
1981	 941	 1
1982	 262	 1
1982	 20	 1
1983	 20	 1
1983	 88	 1
1984	 88	 1
1984	 87	 1
1985	 1318	 1
1985	 92	 1
1986	 92	 1
1986	 27	 1
1987	 96	 1
1987	 95	 1
1988	 95	 1
1988	 26	 1
1989	 26	 1
1989	 962	 1
1990	 962	 1
1990	 1317	 1
1991	 1317	 1
1991	 1318	 1
1992	 561	 1
1992	 279	 1
1993	 95	 1
1993	 561	 1
1994	 968	 1
1994	 278	 1
1995	 561	 1
1995	 968	 1
1996	 1331	 1
1996	 744	 1
1997	 968	 1
1997	 1331	 1
1998	 747	 1
1998	 1332	 1
1999	 1332	 1
1999	 1331	 1
2000	 1470	 1
2000	 1332	 1
2001	 1469	 1
2001	 1470	 1
2002	 1472	 1
2002	 1468	 1
2003	 1470	 1
2003	 1472	 1
2004	 748	 1
2004	 1473	 1
2005	 1473	 1
2005	 1472	 1
2006	 1473	 1
2006	 341	 1
2007	 341	 1
2007	 736	 1
2008	 1107	 1
2008	 1112	 1
2009	 341	 1
2009	 800	 1
2010	 800	 1
2010	 1107	 1
2011	 1107	 1
2011	 1108	 1
2012	 1108	 1
2012	 1110	 1
2013	 1110	 1
2013	 1111	 1
2014	 1906	 1
2014	 1877	 1
2015	 1877	 1
2015	 1816	 1
2016	 1816	 1
2016	 792	 1
2017	 792	 1
2017	 1514	 1
2018	 1514	 1
2018	 1513	 1
2019	 1513	 1
2019	 1184	 1
2020	 1184	 1
2020	 791	 1
2021	 791	 1
2021	 780	 1
2022	 1516	 1
2022	 1517	 1
2023	 1517	 1
2023	 1188	 1
2024	 1188	 1
2024	 1905	 1
2025	 1905	 1
2025	 1906	 1
2026	 1192	 1
2026	 796	 1
2027	 796	 1
2027	 791	 1
2028	 796	 1
2028	 1196	 1
2029	 1196	 1
2029	 1193	 1
2030	 1194	 1
2030	 1195	 1
2031	 1195	 1
2031	 1196	 1
2032	 1195	 1
2032	 136	 1
2033	 136	 1
2033	 135	 1
2034	 136	 1
2034	 134	 1
2035	 134	 1
2035	 137	 1
2036	 134	 1
2036	 1135	 1
2037	 1135	 1
2037	 1480	 1
2038	 1480	 1
2038	 1481	 1
2039	 1491	 1
2039	 1137	 1
2040	 1487	 1
2040	 1496	 1
2041	 1496	 1
2041	 1136	 1
2042	 1136	 1
2042	 1490	 1
2043	 1490	 1
2043	 1491	 1
2044	 1618	 1
2044	 1616	 1
2045	 1310	 1
2045	 1311	 1
2046	 1311	 1
2046	 1618	 1
2047	 1311	 1
2047	 945	 1
2048	 945	 1
2048	 941	 1
2049	 945	 1
2049	 942	 1
2050	 942	 1
2050	 262	 1
2051	 942	 1
2051	 21	 1
2052	 21	 1
2052	 20	 1
2053	 958	 1
2053	 954	 1
2054	 954	 1
2054	 953	 1
2055	 953	 1
2055	 547	 1
2056	 547	 1
2056	 88	 1
2057	 21	 1
2057	 957	 1
2058	 957	 1
2058	 958	 1
2059	 560	 1
2059	 267	 1
2060	 267	 1
2060	 89	 1
2061	 89	 1
2061	 26	 1
2062	 561	 1
2062	 560	 1
2063	 1330	 1
2063	 559	 1
2064	 559	 1
2064	 560	 1
2065	 968	 1
2065	 1329	 1
2066	 1329	 1
2066	 1330	 1
2067	 1331	 1
2067	 1334	 1
2068	 1334	 1
2068	 1329	 1
2069	 1332	 1
2069	 1333	 1
2070	 1333	 1
2070	 1334	 1
2071	 1470	 1
2071	 1326	 1
2072	 1326	 1
2072	 1333	 1
2073	 1326	 1
2073	 1474	 1
2074	 1474	 1
2074	 1472	 1
2075	 1473	 1
2075	 1471	 1
2076	 1471	 1
2076	 1474	 1
2077	 800	 1
2077	 801	 1
2078	 801	 1
2078	 413	 1
2079	 413	 1
2079	 1115	 1
2080	 1115	 1
2080	 1471	 1
2081	 1520	 1
2081	 1522	 1
2082	 1522	 1
2082	 153	 1
2083	 153	 1
2083	 737	 1
2084	 737	 1
2084	 738	 1
2085	 738	 1
2085	 1197	 1
2086	 1197	 1
2086	 1520	 1
2087	 1185	 1
2087	 154	 1
2088	 154	 1
2088	 153	 1
2089	 1522	 1
2089	 1187	 1
2090	 1187	 1
2090	 1185	 1
2091	 1184	 1
2091	 1186	 1
2092	 1186	 1
2092	 1187	 1
2093	 1185	 1
2093	 1512	 1
2094	 1512	 1
2094	 1513	 1
2095	 791	 1
2095	 790	 1
2096	 790	 1
2096	 1186	 1
2097	 796	 1
2097	 411	 1
2098	 411	 1
2098	 790	 1
2099	 1196	 1
2099	 795	 1
2100	 795	 1
2100	 411	 1
2101	 1195	 1
2101	 794	 1
2102	 794	 1
2102	 795	 1
2103	 1122	 1
2103	 136	 1
2104	 794	 1
2104	 1121	 1
2105	 1121	 1
2105	 1122	 1
2106	 1484	 1
2106	 1122	 1
2107	 1135	 1
2107	 1483	 1
2108	 1483	 1
2108	 1484	 1
2109	 1692	 1
2109	 350	 1
2110	 350	 1
2110	 1145	 1
2111	 1145	 1
2111	 1139	 1
2112	 1139	 1
2112	 1691	 1
2113	 1691	 1
2113	 1692	 1
2114	 1136	 1
2114	 1146	 1
2115	 1146	 1
2115	 1145	 1
2116	 350	 1
2116	 1489	 1
2117	 1489	 1
2117	 1490	 1
2118	 1700	 1
2118	 1146	 1
2119	 1496	 1
2119	 1700	 1
2120	 1618	 1
2120	 940	 1
2121	 940	 1
2121	 539	 1
2122	 539	 1
2122	 1311	 1
2123	 539	 1
2123	 944	 1
2124	 944	 1
2124	 945	 1
2125	 942	 1
2125	 943	 1
2126	 943	 1
2126	 944	 1
2127	 529	 1
2127	 21	 1
2128	 943	 1
2128	 529	 1
2129	 529	 1
2129	 530	 1
2130	 530	 1
2130	 553	 1
2131	 553	 1
2131	 956	 1
2132	 956	 1
2132	 957	 1
2133	 1315	 1
2133	 961	 1
2134	 961	 1
2134	 271	 1
2135	 271	 1
2135	 91	 1
2136	 91	 1
2136	 23	 1
2137	 23	 1
2137	 24	 1
2138	 24	 1
2138	 25	 1
2139	 25	 1
2139	 1314	 1
2140	 1314	 1
2140	 1315	 1
2141	 1330	 1
2141	 1327	 1
2142	 1327	 1
2142	 1328	 1
2143	 1328	 1
2143	 1334	 1
2144	 1689	 1
2144	 1323	 1
2145	 1323	 1
2145	 1328	 1
2146	 1333	 1
2146	 1688	 1
2147	 1688	 1
2147	 1689	 1
2148	 1326	 1
2148	 1685	 1
2149	 1685	 1
2149	 1688	 1
2150	 1686	 1
2150	 1466	 1
2151	 1466	 1
2151	 1114	 1
2152	 1114	 1
2152	 1474	 1
2153	 1685	 1
2153	 1686	 1
2154	 1115	 1
2154	 1113	 1
2155	 1113	 1
2155	 1114	 1
2156	 1200	 1
2156	 1198	 1
2157	 1198	 1
2157	 1526	 1
2158	 1526	 1
2158	 40	 1
2159	 40	 1
2159	 157	 1
2160	 157	 1
2160	 1199	 1
2161	 1199	 1
2161	 1200	 1
2162	 1523	 1
2162	 1526	 1
2163	 1198	 1
2163	 1197	 1
2164	 1520	 1
2164	 1523	 1
2165	 1523	 1
2165	 1521	 1
2166	 1521	 1
2166	 1522	 1
2167	 1521	 1
2167	 799	 1
2168	 799	 1
2168	 1187	 1
2169	 799	 1
2169	 798	 1
2170	 798	 1
2170	 1186	 1
2171	 790	 1
2171	 410	 1
2172	 410	 1
2172	 798	 1
2173	 411	 1
2173	 1153	 1
2174	 1153	 1
2174	 410	 1
2175	 1150	 1
2175	 1153	 1
2176	 795	 1
2176	 1150	 1
2177	 1705	 1
2177	 1151	 1
2178	 1151	 1
2178	 1150	 1
2179	 1121	 1
2179	 1704	 1
2180	 1704	 1
2180	 1705	 1
2181	 1693	 1
2181	 1141	 1
2182	 1141	 1
2182	 1140	 1
2183	 1140	 1
2183	 1138	 1
2184	 1138	 1
2184	 1142	 1
2185	 1142	 1
2185	 1139	 1
2186	 1691	 1
2186	 1693	 1
2187	 1145	 1
2187	 1144	 1
2188	 1144	 1
2188	 1142	 1
2189	 1147	 1
2189	 1144	 1
2190	 1146	 1
2190	 1147	 1
2191	 1702	 1
2191	 1147	 1
2192	 1700	 1
2192	 1702	 1
2193	 539	 1
2193	 538	 1
2194	 538	 1
2194	 938	 1
2195	 938	 1
2195	 940	 1
2196	 944	 1
2196	 528	 1
2197	 528	 1
2197	 538	 1
2198	 528	 1
2198	 531	 1
2199	 531	 1
2199	 943	 1
2200	 535	 1
2200	 530	 1
2201	 531	 1
2201	 534	 1
2202	 534	 1
2202	 535	 1
2203	 536	 1
2203	 537	 1
2204	 537	 1
2204	 23	 1
2205	 91	 1
2205	 268	 1
2206	 268	 1
2206	 269	 1
2207	 269	 1
2207	 536	 1
2208	 24	 1
2208	 22	 1
2209	 22	 1
2209	 252	 1
2210	 252	 1
2210	 537	 1
2211	 550	 1
2211	 28	 1
2212	 28	 1
2212	 104	 1
2213	 104	 1
2213	 252	 1
2214	 22	 1
2214	 549	 1
2215	 549	 1
2215	 550	 1
2216	 1927	 1
2216	 1923	 1
2217	 1923	 1
2217	 1898	 1
2218	 1898	 1
2218	 1690	 1
2219	 1690	 1
2219	 1837	 1
2220	 1837	 1
2220	 1836	 1
2221	 1836	 1
2221	 1687	 1
2222	 1687	 1
2222	 1689	 1
2223	 1686	 1
2223	 1870	 1
2224	 1870	 1
2224	 1926	 1
2225	 1926	 1
2225	 1927	 1
2226	 158	 1
2226	 129	 1
2227	 129	 1
2227	 31	 1
2228	 31	 1
2228	 361	 1
2229	 361	 1
2229	 40	 1
2230	 157	 1
2230	 158	 1
2231	 361	 1
2231	 1524	 1
2232	 1524	 1
2232	 1526	 1
2233	 1523	 1
2233	 1525	 1
2234	 1525	 1
2234	 1524	 1
2235	 1525	 1
2235	 797	 1
2236	 797	 1
2236	 1521	 1
2237	 799	 1
2237	 761	 1
2238	 761	 1
2238	 797	 1
2239	 761	 1
2239	 412	 1
2240	 412	 1
2240	 798	 1
2241	 412	 1
2241	 375	 1
2242	 375	 1
2242	 410	 1
2243	 1152	 1
2243	 375	 1
2244	 1153	 1
2244	 1152	 1
2245	 1507	 1
2245	 1149	 1
2246	 1149	 1
2246	 1151	 1
2247	 1152	 1
2247	 1506	 1
2248	 1506	 1
2248	 1507	 1
2249	 1811	 1
2249	 1134	 1
2250	 1134	 1
2250	 1133	 1
2251	 1133	 1
2251	 1124	 1
2252	 1124	 1
2252	 1123	 1
2253	 1123	 1
2253	 1810	 1
2254	 1810	 1
2254	 1811	 1
2255	 1140	 1
2255	 1133	 1
2256	 1124	 1
2256	 1118	 1
2257	 1118	 1
2257	 1138	 1
2258	 1118	 1
2258	 1117	 1
2259	 1117	 1
2259	 1142	 1
2260	 1117	 1
2260	 354	 1
2261	 354	 1
2261	 1144	 1
2262	 1147	 1
2262	 1143	 1
2263	 1143	 1
2263	 354	 1
2264	 1143	 1
2264	 1498	 1
2265	 1498	 1
2265	 1702	 1
2266	 938	 1
2266	 255	 1
2267	 255	 1
2267	 254	 1
2268	 254	 1
2268	 538	 1
2269	 926	 1
2269	 254	 1
2270	 528	 1
2270	 926	 1
2271	 927	 1
2271	 531	 1
2272	 926	 1
2272	 927	 1
2273	 929	 1
2273	 927	 1
2274	 534	 1
2274	 929	 1
2275	 535	 1
2275	 532	 1
2276	 532	 1
2276	 533	 1
2277	 533	 1
2277	 928	 1
2278	 928	 1
2278	 929	 1
2279	 269	 1
2279	 270	 1
2280	 270	 1
2280	 533	 1
2281	 928	 1
2281	 936	 1
2282	 936	 1
2282	 536	 1
2283	 935	 1
2283	 936	 1
2284	 537	 1
2284	 935	 1
2285	 252	 1
2285	 932	 1
2286	 932	 1
2286	 935	 1
2287	 104	 1
2287	 934	 1
2288	 934	 1
2288	 932	 1
2289	 978	 1
2289	 28	 1
2290	 934	 1
2290	 105	 1
2291	 105	 1
2291	 977	 1
2292	 977	 1
2292	 978	 1
2293	 105	 1
2293	 283	 1
2294	 283	 1
2294	 577	 1
2295	 577	 1
2295	 976	 1
2296	 976	 1
2296	 977	 1
2297	 1461	 1
2297	 37	 1
2298	 37	 1
2298	 130	 1
2299	 130	 1
2299	 1116	 1
2300	 1116	 1
2300	 1460	 1
2301	 1460	 1
2301	 1461	 1
2302	 1462	 1
2302	 129	 1
2303	 31	 1
2303	 32	 1
2304	 32	 1
2304	 37	 1
2305	 1461	 1
2305	 1462	 1
2306	 32	 1
2306	 362	 1
2307	 362	 1
2307	 361	 1
2308	 363	 1
2308	 1524	 1
2309	 362	 1
2309	 363	 1
2310	 1525	 1
2310	 360	 1
2311	 360	 1
2311	 363	 1
2312	 360	 1
2312	 762	 1
2313	 762	 1
2313	 797	 1
2314	 763	 1
2314	 761	 1
2315	 762	 1
2315	 763	 1
2316	 412	 1
2316	 139	 1
2317	 139	 1
2317	 763	 1
2318	 139	 1
2318	 138	 1
2319	 138	 1
2319	 375	 1
2320	 138	 1
2320	 1505	 1
2321	 1505	 1
2321	 1506	 1
2322	 1123	 1
2322	 349	 1
2323	 349	 1
2323	 368	 1
2324	 368	 1
2324	 1499	 1
2325	 1499	 1
2325	 1809	 1
2326	 1809	 1
2326	 1810	 1
2327	 349	 1
2327	 348	 1
2328	 348	 1
2328	 1124	 1
2329	 1119	 1
2329	 348	 1
2330	 1118	 1
2330	 1119	 1
2331	 1120	 1
2331	 1117	 1
2332	 1119	 1
2332	 1120	 1
2333	 1120	 1
2333	 347	 1
2334	 347	 1
2334	 354	 1
2335	 1143	 1
2335	 133	 1
2336	 133	 1
2336	 347	 1
2337	 1498	 1
2337	 754	 1
2338	 754	 1
2338	 133	 1
2339	 254	 1
2339	 526	 1
2340	 526	 1
2340	 85	 1
2341	 85	 1
2341	 255	 1
2342	 1303	 1
2342	 526	 1
2343	 926	 1
2343	 1303	 1
2344	 1304	 1
2344	 1303	 1
2345	 927	 1
2345	 1304	 1
2346	 1612	 1
2346	 929	 1
2347	 1304	 1
2347	 1612	 1
2348	 928	 1
2348	 1614	 1
2349	 1614	 1
2349	 1612	 1
2350	 1309	 1
2350	 936	 1
2351	 1614	 1
2351	 1309	 1
2352	 935	 1
2352	 1307	 1
2353	 1307	 1
2353	 1309	 1
2354	 932	 1
2354	 931	 1
2355	 931	 1
2355	 1307	 1
2356	 931	 1
2356	 933	 1
2357	 933	 1
2357	 934	 1
2358	 583	 1
2358	 105	 1
2359	 933	 1
2359	 583	 1
2360	 582	 1
2360	 583	 1
2361	 283	 1
2361	 579	 1
2362	 579	 1
2362	 578	 1
2363	 578	 1
2363	 582	 1
2364	 1929	 1
2364	 1924	 1
2365	 1924	 1
2365	 1808	 1
2366	 1808	 1
2366	 1784	 1
2367	 1784	 1
2367	 1787	 1
2368	 1787	 1
2368	 1786	 1
2369	 1786	 1
2369	 1321	 1
2370	 1321	 1
2370	 281	 1
2371	 281	 1
2371	 103	 1
2372	 103	 1
2372	 102	 1
2373	 102	 1
2373	 342	 1
2374	 342	 1
2374	 973	 1
2375	 973	 1
2375	 1899	 1
2376	 1899	 1
2376	 1928	 1
2377	 1928	 1
2377	 1929	 1
2378	 131	 1
2378	 35	 1
2379	 35	 1
2379	 36	 1
2380	 36	 1
2380	 37	 1
2381	 130	 1
2381	 131	 1
2382	 36	 1
2382	 4	 1
2383	 4	 1
2383	 32	 1
2384	 4	 1
2384	 9	 1
2385	 9	 1
2385	 362	 1
2386	 363	 1
2386	 358	 1
2387	 358	 1
2387	 9	 1
2388	 358	 1
2388	 359	 1
2389	 359	 1
2389	 360	 1
2390	 359	 1
2390	 357	 1
2391	 357	 1
2391	 762	 1
2392	 364	 1
2392	 357	 1
2393	 763	 1
2393	 364	 1
2394	 364	 1
2394	 366	 1
2395	 366	 1
2395	 139	 1
2396	 366	 1
2396	 373	 1
2397	 373	 1
2397	 138	 1
2398	 373	 1
2398	 371	 1
2399	 371	 1
2399	 1503	 1
2400	 1503	 1
2400	 1505	 1
2401	 1504	 1
2401	 1148	 1
2402	 1148	 1
2402	 369	 1
2403	 369	 1
2403	 371	 1
2404	 1503	 1
2404	 1504	 1
2405	 1501	 1
2405	 1499	 1
2406	 368	 1
2406	 370	 1
2407	 370	 1
2407	 369	 1
2408	 1148	 1
2408	 1500	 1
2409	 1500	 1
2409	 1501	 1
2410	 349	 1
2410	 345	 1
2411	 345	 1
2411	 370	 1
2412	 750	 1
2412	 345	 1
2413	 348	 1
2413	 750	 1
2414	 750	 1
2414	 752	 1
2415	 752	 1
2415	 1119	 1
2416	 753	 1
2416	 752	 1
2417	 1120	 1
2417	 753	 1
2418	 347	 1
2418	 759	 1
2419	 759	 1
2419	 753	 1
2420	 133	 1
2420	 757	 1
2421	 757	 1
2421	 759	 1
2422	 351	 1
2422	 754	 1
2423	 757	 1
2423	 351	 1
2424	 29	 1
2424	 30	 1
2425	 30	 1
2425	 121	 1
2426	 121	 1
2426	 124	 1
2427	 527	 1
2427	 86	 1
2428	 86	 1
2428	 85	 1
2429	 526	 1
2429	 527	 1
2430	 121	 1
2430	 122	 1
2431	 122	 1
2431	 329	 1
2432	 1303	 1
2432	 1302	 1
2433	 1302	 1
2433	 527	 1
2434	 1667	 1
2434	 122	 1
2435	 1666	 1
2435	 1667	 1
2436	 1304	 1
2436	 1305	 1
2437	 1305	 1
2437	 1302	 1
2438	 1667	 1
2438	 1665	 1
2439	 1665	 1
2439	 1664	 1
2440	 1305	 1
2440	 1611	 1
2441	 1611	 1
2441	 1612	 1
2442	 1665	 1
2442	 1410	 1
2443	 1410	 1
2443	 1409	 1
2444	 1611	 1
2444	 1613	 1
2445	 1613	 1
2445	 1614	 1
2446	 1405	 1
2446	 1406	 1
2447	 1406	 1
2447	 1410	 1
2448	 1613	 1
2448	 1308	 1
2449	 1308	 1
2449	 1309	 1
2450	 1408	 1
2450	 1406	 1
2451	 1407	 1
2451	 1408	 1
2452	 1307	 1
2452	 1306	 1
2453	 1306	 1
2453	 1308	 1
2454	 1045	 1
2454	 1408	 1
2455	 1044	 1
2455	 1045	 1
2456	 931	 1
2456	 930	 1
2457	 930	 1
2457	 1306	 1
2458	 1042	 1
2458	 684	 1
2459	 1045	 1
2459	 1042	 1
2460	 930	 1
2460	 284	 1
2461	 284	 1
2461	 933	 1
2462	 1042	 1
2462	 1043	 1
2463	 1043	 1
2463	 1093	 1
2464	 284	 1
2464	 584	 1
2465	 584	 1
2465	 583	 1
2466	 1091	 1
2466	 335	 1
2467	 335	 1
2467	 1043	 1
2468	 585	 1
2468	 584	 1
2469	 582	 1
2469	 585	 1
2470	 1806	 1
2470	 1805	 1
2471	 1805	 1
2471	 335	 1
2472	 585	 1
2472	 282	 1
2473	 282	 1
2473	 103	 1
2474	 281	 1
2474	 580	 1
2475	 580	 1
2475	 578	 1
2476	 1804	 1
2476	 1803	 1
2477	 1803	 1
2477	 1805	 1
2478	 282	 1
2478	 33	 1
2479	 33	 1
2479	 102	 1
2480	 1436	 1
2480	 1434	 1
2481	 1434	 1
2481	 1803	 1
2482	 343	 1
2482	 131	 1
2483	 35	 1
2483	 34	 1
2484	 34	 1
2484	 33	 1
2485	 342	 1
2485	 343	 1
2486	 1068	 1
2486	 1069	 1
2487	 1069	 1
2487	 1434	 1
2488	 36	 1
2488	 6	 1
2489	 6	 1
2489	 34	 1
2490	 1069	 1
2490	 1437	 1
2491	 1437	 1
2491	 1438	 1
2492	 5	 1
2492	 4	 1
2493	 6	 1
2493	 5	 1
2494	 1437	 1
2494	 1679	 1
2495	 1679	 1
2495	 1680	 1
2496	 7	 1
2496	 5	 1
2497	 9	 1
2497	 7	 1
2498	 1678	 1
2498	 1677	 1
2499	 1677	 1
2499	 1679	 1
2500	 358	 1
2500	 8	 1
2501	 8	 1
2501	 7	 1
2502	 1677	 1
2502	 1439	 1
2503	 1439	 1
2503	 1440	 1
2504	 359	 1
2504	 356	 1
2505	 356	 1
2505	 8	 1
2506	 1072	 1
2506	 1073	 1
2507	 1073	 1
2507	 1439	 1
2508	 357	 1
2508	 355	 1
2509	 355	 1
2509	 356	 1
2510	 1073	 1
2510	 697	 1
2511	 697	 1
2511	 698	 1
2512	 364	 1
2512	 365	 1
2513	 365	 1
2513	 355	 1
2514	 442	 1
2514	 443	 1
2515	 443	 1
2515	 697	 1
2516	 367	 1
2516	 365	 1
2517	 366	 1
2517	 367	 1
2518	 443	 1
2518	 182	 1
2519	 182	 1
2519	 224	 1
2520	 367	 1
2520	 374	 1
2521	 374	 1
2521	 373	 1
2522	 226	 1
2522	 53	 1
2523	 53	 1
2523	 182	 1
2524	 374	 1
2524	 372	 1
2525	 372	 1
2525	 371	 1
2526	 53	 1
2526	 217	 1
2527	 217	 1
2527	 496	 1
2528	 372	 1
2528	 132	 1
2529	 132	 1
2529	 369	 1
2530	 1279	 1
2530	 895	 1
2531	 895	 1
2531	 217	 1
2532	 370	 1
2532	 346	 1
2533	 346	 1
2533	 132	 1
2534	 895	 1
2534	 1282	 1
2535	 1282	 1
2535	 1281	 1
2536	 345	 1
2536	 344	 1
2537	 344	 1
2537	 346	 1
2538	 1753	 1
2538	 1752	 1
2539	 1752	 1
2539	 1282	 1
2540	 750	 1
2540	 749	 1
2541	 749	 1
2541	 344	 1
2542	 1751	 1
2542	 1750	 1
2543	 1750	 1
2543	 1752	 1
2544	 749	 1
2544	 751	 1
2545	 751	 1
2545	 752	 1
2546	 1750	 1
2546	 890	 1
2547	 890	 1
2547	 891	 1
2548	 751	 1
2548	 353	 1
2549	 353	 1
2549	 753	 1
2550	 889	 1
2550	 888	 1
2551	 888	 1
2551	 890	 1
2552	 353	 1
2552	 760	 1
2553	 760	 1
2553	 759	 1
2554	 216	 1
2554	 214	 1
2555	 214	 1
2555	 888	 1
2556	 760	 1
2556	 758	 1
2557	 758	 1
2557	 757	 1
2558	 65	 1
2558	 66	 1
2559	 66	 1
2559	 214	 1
2560	 758	 1
2560	 352	 1
2561	 352	 1
2561	 351	 1
2562	 317	 1
2562	 30	 1
2563	 316	 1
2563	 317	 1
2564	 488	 1
2564	 66	 1
2565	 487	 1
2565	 488	 1
2566	 644	 1
2566	 643	 1
2567	 643	 1
2567	 317	 1
2568	 1275	 1
2568	 1274	 1
2569	 1274	 1
2569	 488	 1
2570	 1381	 1
2570	 643	 1
2571	 1380	 1
2571	 1381	 1
2572	 1589	 1
2572	 1590	 1
2573	 1590	 1
2573	 1274	 1
2574	 1381	 1
2574	 1379	 1
2575	 1379	 1
2575	 1378	 1
2576	 1590	 1
2576	 1588	 1
2577	 1588	 1
2577	 1587	 1
2578	 1648	 1
2578	 1367	 1
2579	 1367	 1
2579	 1379	 1
2580	 1592	 1
2580	 1591	 1
2581	 1591	 1
2581	 1588	 1
2582	 1646	 1
2582	 1370	 1
2583	 1370	 1
2583	 1367	 1
2584	 1591	 1
2584	 1593	 1
2585	 1593	 1
2585	 1594	 1
2586	 1369	 1
2586	 1368	 1
2587	 1368	 1
2587	 1370	 1
2588	 1593	 1
2588	 211	 1
2589	 211	 1
2589	 876	 1
2590	 1368	 1
2590	 323	 1
2591	 323	 1
2591	 322	 1
2592	 211	 1
2592	 210	 1
2593	 210	 1
2593	 209	 1
2594	 1031	 1
2594	 1030	 1
2595	 1030	 1
2595	 323	 1
2596	 208	 1
2596	 210	 1
2597	 453	 1
2597	 208	 1
2598	 1030	 1
2598	 1032	 1
2599	 1032	 1
2599	 1033	 1
2600	 454	 1
2600	 455	 1
2601	 455	 1
2601	 208	 1
2602	 1032	 1
2602	 518	 1
2603	 518	 1
2603	 519	 1
2604	 455	 1
2604	 843	 1
2605	 843	 1
2605	 844	 1
2606	 518	 1
2606	 922	 1
2607	 922	 1
2607	 923	 1
2608	 1571	 1
2608	 842	 1
2609	 842	 1
2609	 843	 1
2610	 922	 1
2610	 924	 1
2611	 924	 1
2611	 925	 1
2612	 1569	 1
2612	 841	 1
2613	 841	 1
2613	 842	 1
2614	 523	 1
2614	 522	 1
2615	 522	 1
2615	 924	 1
2616	 841	 1
2616	 836	 1
2617	 836	 1
2617	 1245	 1
2618	 522	 1
2618	 524	 1
2619	 524	 1
2619	 525	 1
2620	 1242	 1
2620	 452	 1
2621	 452	 1
2621	 836	 1
2622	 524	 1
2622	 18	 1
2623	 18	 1
2623	 84	 1
2624	 176	 1
2624	 13	 1
2625	 13	 1
2625	 452	 1
2626	 18	 1
2626	 249	 1
2627	 249	 1
2627	 250	 1
2628	 434	 1
2628	 48	 1
2629	 48	 1
2629	 13	 1
2630	 592	 1
2630	 248	 1
2631	 248	 1
2631	 249	 1
2632	 436	 1
2632	 49	 1
2633	 49	 1
2633	 48	 1
2634	 591	 1
2634	 290	 1
2635	 290	 1
2635	 248	 1
2636	 827	 1
2636	 51	 1
2637	 51	 1
2637	 49	 1
2638	 290	 1
2638	 589	 1
2639	 589	 1
2639	 590	 1
2640	 826	 1
2640	 50	 1
2641	 50	 1
2641	 51	 1
2642	 588	 1
2642	 587	 1
2643	 587	 1
2643	 589	 1
2644	 50	 1
2644	 440	 1
2645	 440	 1
2645	 439	 1
2646	 292	 1
2646	 587	 1
2647	 291	 1
2647	 292	 1
2648	 440	 1
2648	 441	 1
2649	 441	 1
2649	 180	 1
2650	 292	 1
2650	 285	 1
2651	 285	 1
2651	 951	 1
2652	 441	 1
2652	 52	 1
2653	 52	 1
2653	 181	 1
2654	 949	 1
2654	 946	 1
2655	 946	 1
2655	 285	 1
2656	 52	 1
2656	 1128	 1
2657	 1128	 1
2657	 1127	 1
2658	 946	 1
2658	 947	 1
2659	 947	 1
2659	 948	 1
2660	 1128	 1
2660	 1126	 1
2661	 1126	 1
2661	 1131	 1
2662	 947	 1
2662	 540	 1
2663	 540	 1
2663	 542	 1
2664	 1132	 1
2664	 1129	 1
2665	 1129	 1
2665	 1126	 1
2666	 543	 1
2666	 540	 1
2667	 545	 1
2667	 543	 1
2668	 1488	 1
2668	 1129	 1
2669	 1487	 1
2669	 1488	 1
2670	 543	 1
2670	 1615	 1
2671	 1615	 1
2671	 1616	 1
2672	 1488	 1
2672	 1495	 1
2673	 1495	 1
2673	 1496	 1
2674	 1615	 1
2674	 1617	 1
2675	 1617	 1
2675	 1618	 1
2676	 1700	 1
2676	 1701	 1
2677	 1701	 1
2677	 1495	 1
2678	 1617	 1
2678	 939	 1
2679	 939	 1
2679	 940	 1
2680	 1703	 1
2680	 1701	 1
2681	 1702	 1
2681	 1703	 1
2682	 938	 1
2682	 937	 1
2683	 937	 1
2683	 939	 1
2684	 1498	 1
2684	 1497	 1
2685	 1497	 1
2685	 1703	 1
2686	 255	 1
2686	 253	 1
2687	 253	 1
2687	 937	 1
2688	 1497	 1
2688	 755	 1
2689	 755	 1
2689	 754	 1
2690	 86	 1
2690	 253	 1
2691	 352	 1
2691	 755	 1
2692	 1012	 1
2692	 1017	 1
2693	 1017	 1
2693	 634	 1
2694	 1017	 1
2694	 1015	 1
2695	 635	 1
2695	 1018	 1
2696	 1018	 1
2696	 1017	 1
2697	 1016	 1
2697	 1018	 1
2698	 1018	 1
2698	 78	 1
2699	 78	 1
2699	 19	 1
2700	 77	 1
2700	 78	 1
2701	 78	 1
2701	 247	 1
2702	 247	 1
2702	 79	 1
2703	 245	 1
2703	 247	 1
2704	 652	 1
2704	 654	 1
2705	 654	 1
2705	 247	 1
2706	 654	 1
2706	 246	 1
2707	 651	 1
2707	 653	 1
2708	 653	 1
2708	 654	 1
2709	 240	 1
2709	 653	 1
2710	 653	 1
2710	 242	 1
2711	 242	 1
2711	 243	 1
2712	 243	 1
2712	 649	 1
2713	 649	 1
2713	 650	 1
2714	 241	 1
2714	 242	 1
2715	 660	 1
2715	 243	 1
2716	 242	 1
2716	 116	 1
2717	 116	 1
2717	 659	 1
2718	 659	 1
2718	 660	 1
2719	 670	 1
2719	 116	 1
2720	 673	 1
2720	 659	 1
2721	 116	 1
2721	 676	 1
2722	 676	 1
2722	 672	 1
2723	 672	 1
2723	 673	 1
2724	 675	 1
2724	 676	 1
2725	 1840	 1
2725	 1890	 1
2726	 1890	 1
2726	 1376	 1
2727	 1375	 1
2727	 1840	 1
2728	 1842	 1
2728	 1890	 1
2729	 1840	 1
2729	 1842	 1
2730	 1892	 1
2730	 1890	 1
2731	 1890	 1
2731	 1891	 1
2732	 1891	 1
2732	 1892	 1
2733	 1655	 1
2733	 1890	 1
2734	 1891	 1
2734	 1857	 1
2735	 1842	 1
2735	 1653	 1
2736	 1653	 1
2736	 1890	 1
2737	 1653	 1
2737	 1651	 1
2738	 1890	 1
2738	 1859	 1
2739	 1859	 1
2739	 1792	 1
2740	 1859	 1
2740	 1892	 1
2741	 1848	 1
2741	 1847	 1
2742	 1847	 1
2742	 683	 1
2743	 1649	 1
2743	 1848	 1
2744	 1848	 1
2744	 1846	 1
2745	 1846	 1
2745	 1844	 1
2746	 1844	 1
2746	 1845	 1
2747	 1845	 1
2747	 1847	 1
2748	 1854	 1
2748	 672	 1
2749	 676	 1
2749	 1853	 1
2750	 1853	 1
2750	 1854	 1
2751	 1390	 1
2751	 1853	 1
2752	 1844	 1
2752	 1402	 1
2753	 1402	 1
2753	 1389	 1
2754	 1389	 1
2754	 1846	 1
2755	 1388	 1
2755	 1389	 1
2756	 1402	 1
2756	 1385	 1
2757	 324	 1
2757	 674	 1
2758	 674	 1
2758	 1851	 1
2759	 1851	 1
2759	 1849	 1
2760	 673	 1
2760	 674	 1
2761	 1851	 1
2761	 1854	 1
2762	 1847	 1
2762	 1800	 1
2763	 1800	 1
2763	 682	 1
2764	 1895	 1
2764	 1845	 1
2765	 1800	 1
2765	 1894	 1
2766	 1894	 1
2766	 1895	 1
2767	 1799	 1
2767	 1800	 1
2768	 1395	 1
2768	 1799	 1
2769	 1799	 1
2769	 1867	 1
2770	 1867	 1
2770	 1893	 1
2771	 1893	 1
2771	 1894	 1
2772	 1799	 1
2772	 1796	 1
2773	 1796	 1
2773	 1394	 1
2774	 1796	 1
2774	 1794	 1
2775	 1866	 1
2775	 1867	 1
2776	 1795	 1
2776	 681	 1
2777	 1796	 1
2777	 1795	 1
2778	 1793	 1
2778	 1795	 1
2779	 1393	 1
2779	 1397	 1
2780	 1397	 1
2780	 1795	 1
2781	 1397	 1
2781	 1396	 1
2782	 1397	 1
2782	 1392	 1
2783	 1373	 1
2783	 658	 1
2784	 1035	 1
2784	 1373	 1
2785	 1373	 1
2785	 1371	 1
2786	 1028	 1
2786	 1374	 1
2787	 1374	 1
2787	 1373	 1
2788	 1372	 1
2788	 1374	 1
2789	 1374	 1
2789	 1029	 1
2790	 1029	 1
2790	 1026	 1
2791	 649	 1
2791	 1029	 1
2792	 325	 1
2792	 661	 1
2793	 661	 1
2793	 1029	 1
2794	 661	 1
2794	 660	 1
2795	 661	 1
2795	 674	 1
2796	 1843	 1
2796	 1654	 1
2797	 1654	 1
2797	 1389	 1
2798	 1846	 1
2798	 1843	 1
2799	 1652	 1
2799	 1654	 1
2800	 1852	 1
2800	 1850	 1
2801	 1851	 1
2801	 1852	 1
2802	 1855	 1
2802	 1854	 1
2803	 1852	 1
2803	 1855	 1
2804	 1650	 1
2804	 1841	 1
2805	 1841	 1
2805	 1848	 1
2806	 1843	 1
2806	 1841	 1
2807	 1855	 1
2807	 1858	 1
2808	 1858	 1
2808	 1853	 1
2809	 1858	 1
2809	 1856	 1
2810	 1654	 1
2810	 1653	 1
2811	 1842	 1
2811	 1843	 1
2812	 1859	 1
2812	 1852	 1
2813	 1855	 1
2813	 1892	 1
2814	 1840	 1
2814	 1841	 1
2815	 1858	 1
2815	 1891	 1
2816	 1895	 1
2816	 1897	 1
2817	 1897	 1
2817	 1402	 1
2818	 1663	 1
2818	 1897	 1
2819	 1897	 1
2819	 1896	 1
2820	 1896	 1
2820	 1893	 1
2821	 1802	 1
2821	 1896	 1
2822	 1868	 1
2822	 1869	 1
2823	 1869	 1
2823	 1896	 1
2824	 1863	 1
2824	 1869	 1
2825	 1860	 1
2825	 1865	 1
2826	 1865	 1
2826	 1869	 1
2827	 1865	 1
2827	 1864	 1
2828	 1862	 1
2828	 1865	 1
2829	 985	 1
2829	 1636	 1
2830	 1636	 1
2830	 1634	 1
2831	 1633	 1
2831	 1636	 1
2832	 1636	 1
2832	 1355	 1
2833	 1355	 1
2833	 1353	 1
2834	 1355	 1
2834	 992	 1
2835	 1355	 1
2835	 1354	 1
2836	 1354	 1
2836	 1352	 1
2837	 993	 1
2837	 1354	 1
2838	 307	 1
2838	 308	 1
2839	 308	 1
2839	 1354	 1
2840	 308	 1
2840	 297	 1
2841	 308	 1
2841	 1006	 1
2842	 1006	 1
2842	 1004	 1
2843	 1006	 1
2843	 619	 1
2844	 1006	 1
2844	 1005	 1
2845	 1005	 1
2845	 1003	 1
2846	 622	 1
2846	 1005	 1
2847	 1005	 1
2847	 623	 1
2848	 623	 1
2848	 628	 1
2849	 623	 1
2849	 621	 1
2850	 312	 1
2850	 314	 1
2851	 314	 1
2851	 623	 1
2852	 305	 1
2852	 314	 1
2853	 314	 1
2853	 313	 1
2854	 313	 1
2854	 641	 1
2855	 141	 1
2855	 313	 1
2856	 1021	 1
2856	 732	 1
2857	 732	 1
2857	 313	 1
2858	 731	 1
2858	 732	 1
2859	 1103	 1
2859	 1100	 1
2860	 1100	 1
2860	 732	 1
2861	 1100	 1
2861	 729	 1
2862	 1098	 1
2862	 1099	 1
2863	 1099	 1
2863	 1100	 1
2864	 1099	 1
2864	 778	 1
2865	 1099	 1
2865	 1445	 1
2866	 1445	 1
2866	 1443	 1
2867	 1077	 1
2867	 1445	 1
2868	 1445	 1
2868	 1444	 1
2869	 1444	 1
2869	 1441	 1
2870	 1444	 1
2870	 1076	 1
2871	 1444	 1
2871	 1074	 1
2872	 1074	 1
2872	 1096	 1
2873	 1074	 1
2873	 704	 1
2874	 1074	 1
2874	 338	 1
2875	 338	 1
2875	 724	 1
2876	 338	 1
2876	 337	 1
2877	 1087	 1
2877	 1089	 1
2878	 1089	 1
2878	 338	 1
2879	 1089	 1
2879	 720	 1
2880	 1086	 1
2880	 1088	 1
2881	 1088	 1
2881	 1089	 1
2882	 1088	 1
2882	 714	 1
2883	 1088	 1
2883	 1051	 1
2884	 1051	 1
2884	 339	 1
2885	 1051	 1
2885	 1050	 1
2886	 1051	 1
2886	 1418	 1
2887	 1418	 1
2887	 1415	 1
2888	 1049	 1
2888	 1418	 1
2889	 1419	 1
2889	 1418	 1
2890	 1417	 1
2890	 1419	 1
2891	 1046	 1
2891	 1419	 1
2892	 1419	 1
2892	 691	 1
2893	 553	 1
2893	 554	 1
2894	 554	 1
2894	 532	 1
2895	 270	 1
2895	 554	 1
2896	 554	 1
2896	 959	 1
2897	 959	 1
2897	 956	 1
2898	 959	 1
2898	 268	 1
2899	 960	 1
2899	 959	 1
2900	 958	 1
2900	 960	 1
2901	 960	 1
2901	 271	 1
2902	 1312	 1
2902	 954	 1
2903	 960	 1
2903	 1313	 1
2904	 1313	 1
2904	 1312	 1
2905	 1313	 1
2905	 961	 1
2906	 1887	 1
2906	 1780	 1
2907	 1780	 1
2907	 1781	 1
2908	 1781	 1
2908	 1835	 1
2909	 1835	 1
2909	 1887	 1
2910	 1781	 1
2910	 1779	 1
2911	 1779	 1
2911	 1778	 1
2912	 1778	 1
2912	 1835	 1
2913	 1771	 1
2913	 1773	 1
2914	 1773	 1
2914	 1832	 1
2915	 1832	 1
2915	 1770	 1
2916	 1770	 1
2916	 1771	 1
2917	 1771	 1
2917	 1619	 1
2918	 1619	 1
2918	 1769	 1
2919	 1769	 1
2919	 1770	 1
2920	 1779	 1
2920	 1777	 1
2921	 1777	 1
2921	 1776	 1
2922	 1776	 1
2922	 1778	 1
2923	 1777	 1
2923	 1769	 1
2924	 1619	 1
2924	 1776	 1
2925	 1887	 1
2925	 1889	 1
2926	 1889	 1
2926	 1833	 1
2927	 1833	 1
2927	 1780	 1
2928	 1889	 1
2928	 1773	 1
2929	 1832	 1
2929	 1833	 1
2930	 1886	 1
2930	 1622	 1
2931	 1622	 1
2931	 1623	 1
2932	 1624	 1
2932	 1625	 1
2933	 1625	 1
2933	 1834	 1
2934	 1834	 1
2934	 1886	 1
2935	 1625	 1
2935	 1318	 1
2936	 1317	 1
2936	 1775	 1
2937	 1775	 1
2937	 1834	 1
2938	 1772	 1
2938	 1313	 1
2939	 1312	 1
2939	 1319	 1
2940	 1319	 1
2940	 1774	 1
2941	 1774	 1
2941	 1772	 1
2942	 1315	 1
2942	 1620	 1
2943	 1620	 1
2943	 1772	 1
2944	 1775	 1
2944	 1621	 1
2945	 1621	 1
2945	 1316	 1
2946	 1316	 1
2946	 962	 1
2947	 1620	 1
2947	 1621	 1
2948	 1316	 1
2948	 1314	 1
2949	 1886	 1
2949	 1888	 1
2950	 1888	 1
2950	 1320	 1
2951	 1320	 1
2951	 1622	 1
2952	 1319	 1
2952	 1320	 1
2953	 1888	 1
2953	 1774	 1
2954	 93	 1
2954	 94	 1
2955	 94	 1
2955	 1625	 1
2956	 94	 1
2956	 92	 1
2957	 555	 1
2957	 556	 1
2958	 556	 1
2958	 94	 1
2959	 97	 1
2959	 556	 1
2960	 965	 1
2960	 557	 1
2961	 557	 1
2961	 556	 1
2962	 101	 1
2962	 557	 1
2963	 109	 1
2963	 567	 1
2964	 567	 1
2964	 557	 1
2965	 567	 1
2965	 566	 1
2966	 567	 1
2966	 1002	 1
2967	 1002	 1
2967	 606	 1
2968	 1000	 1
2968	 1002	 1
2969	 1002	 1
2969	 1001	 1
2970	 1001	 1
2970	 604	 1
2971	 998	 1
2971	 1001	 1
2972	 299	 1
2972	 610	 1
2973	 610	 1
2973	 1001	 1
2974	 610	 1
2974	 615	 1
2975	 610	 1
2975	 611	 1
2976	 611	 1
2976	 382	 1
2977	 609	 1
2977	 611	 1
2978	 765	 1
2978	 766	 1
2979	 766	 1
2979	 611	 1
2980	 145	 1
2980	 766	 1
2981	 768	 1
2981	 769	 1
2982	 769	 1
2982	 766	 1
2983	 769	 1
2983	 150	 1
2984	 769	 1
2984	 1161	 1
2985	 1161	 1
2985	 1158	 1
2986	 1161	 1
2986	 392	 1
2987	 1162	 1
2987	 1161	 1
2988	 1160	 1
2988	 1162	 1
2989	 393	 1
2989	 1162	 1
2990	 394	 1
2990	 1167	 1
2991	 1167	 1
2991	 1162	 1
2992	 1167	 1
2992	 1166	 1
2993	 1164	 1
2993	 1167	 1
2994	 1512	 1
2994	 1515	 1
2995	 1515	 1
2995	 409	 1
2996	 409	 1
2996	 155	 1
2997	 155	 1
2997	 154	 1
2998	 1515	 1
2998	 1514	 1
2999	 409	 1
2999	 789	 1
3000	 789	 1
3000	 793	 1
3001	 793	 1
3001	 1515	 1
3002	 793	 1
3002	 792	 1
3003	 1719	 1
3003	 1182	 1
3004	 1182	 1
3004	 789	 1
3005	 793	 1
3005	 1817	 1
3006	 1817	 1
3006	 1719	 1
3007	 1817	 1
3007	 1816	 1
3008	 1714	 1
3008	 1818	 1
3009	 1818	 1
3009	 1712	 1
3010	 1713	 1
3010	 1714	 1
3011	 1824	 1
3011	 1714	 1
3012	 1818	 1
3012	 1824	 1
3013	 1820	 1
3013	 1818	 1
3014	 1818	 1
3014	 1907	 1
3015	 1907	 1
3015	 1820	 1
3016	 1188	 1
3016	 1818	 1
3017	 1907	 1
3017	 1905	 1
3018	 1818	 1
3018	 1825	 1
3019	 1825	 1
3019	 1824	 1
3020	 1517	 1
3020	 1825	 1
3021	 1819	 1
3021	 808	 1
3022	 1818	 1
3022	 1819	 1
3023	 1819	 1
3023	 1820	 1
3024	 406	 1
3024	 1176	 1
3025	 1176	 1
3025	 1717	 1
3026	 1717	 1
3026	 1715	 1
3027	 1722	 1
3027	 1717	 1
3028	 1176	 1
3028	 1175	 1
3029	 1175	 1
3029	 1518	 1
3030	 1518	 1
3030	 1722	 1
3031	 1902	 1
3031	 1817	 1
3032	 1719	 1
3032	 1904	 1
3033	 1904	 1
3033	 1902	 1
3034	 1902	 1
3034	 1877	 1
3035	 1723	 1
3035	 1519	 1
3036	 1519	 1
3036	 1518	 1
3037	 1722	 1
3037	 1723	 1
3038	 1519	 1
3038	 1189	 1
3039	 1720	 1
3039	 1723	 1
3040	 1531	 1
3040	 1183	 1
3041	 1183	 1
3041	 416	 1
3042	 1209	 1
3042	 1531	 1
3043	 1904	 1
3043	 1531	 1
3044	 1183	 1
3044	 1182	 1
3045	 1176	 1
3045	 407	 1
3046	 407	 1
3046	 405	 1
3047	 407	 1
3047	 401	 1
3048	 401	 1
3048	 779	 1
3049	 779	 1
3049	 1175	 1
3050	 12	 1
3050	 404	 1
3051	 404	 1
3051	 407	 1
3052	 402	 1
3052	 401	 1
3053	 404	 1
3053	 403	 1
3054	 404	 1
3054	 175	 1
3055	 175	 1
3055	 174	 1
3056	 175	 1
3056	 170	 1
3057	 175	 1
3057	 432	 1
3058	 432	 1
3058	 430	 1
3059	 173	 1
3059	 432	 1
3060	 432	 1
3060	 431	 1
3061	 431	 1
3061	 428	 1
3062	 424	 1
3062	 431	 1
3063	 45	 1
3063	 427	 1
3064	 427	 1
3064	 431	 1
3065	 426	 1
3065	 427	 1
3066	 427	 1
3066	 59	 1
3067	 59	 1
3067	 61	 1
3068	 1228	 1
3068	 59	 1
3069	 190	 1
3069	 192	 1
3070	 192	 1
3070	 59	 1
3071	 58	 1
3071	 192	 1
3072	 192	 1
3072	 194	 1
3073	 194	 1
3073	 199	 1
3074	 194	 1
3074	 193	 1
3075	 194	 1
3075	 859	 1
3076	 859	 1
3076	 456	 1
3077	 857	 1
3077	 859	 1
3078	 858	 1
3078	 859	 1
3079	 198	 1
3079	 858	 1
3080	 855	 1
3080	 858	 1
3081	 858	 1
3081	 868	 1
3082	 868	 1
3082	 866	 1
3083	 469	 1
3083	 868	 1
3084	 868	 1
3084	 867	 1
3085	 867	 1
3085	 864	 1
3086	 861	 1
3086	 867	 1
3087	 1583	 1
3087	 867	 1
3088	 870	 1
3088	 1583	 1
3089	 1583	 1
3089	 1582	 1
3090	 1743	 1
3090	 1266	 1
3091	 1266	 1
3091	 1265	 1
3092	 1583	 1
3092	 1744	 1
3093	 1744	 1
3093	 1743	 1
3094	 1744	 1
3094	 1580	 1
3095	 1573	 1
3095	 1574	 1
3096	 1574	 1
3096	 1911	 1
3097	 1911	 1
3097	 1909	 1
3098	 1574	 1
3098	 1288	 1
3099	 1288	 1
3099	 1289	 1
3100	 1289	 1
3100	 1879	 1
3101	 1879	 1
3101	 1911	 1
3102	 1916	 1
3102	 1742	 1
3103	 1742	 1
3103	 1743	 1
3104	 1744	 1
3104	 1919	 1
3105	 1919	 1
3105	 1916	 1
3106	 1919	 1
3106	 1917	 1
3107	 1289	 1
3107	 1290	 1
3108	 1290	 1
3108	 1878	 1
3109	 1878	 1
3109	 1879	 1
3110	 901	 1
3110	 1290	 1
3111	 1878	 1
3111	 1830	 1
3112	 1263	 1
3112	 1584	 1
3113	 1584	 1
3113	 1933	 1
3114	 1933	 1
3114	 1931	 1
3115	 1584	 1
3115	 1742	 1
3116	 1916	 1
3116	 1933	 1
3117	 1912	 1
3117	 1910	 1
3118	 1911	 1
3118	 1912	 1
3119	 1879	 1
3119	 1914	 1
3120	 1914	 1
3120	 1912	 1
3121	 1937	 1
3121	 1916	 1
3122	 1919	 1
3122	 1920	 1
3123	 1920	 1
3123	 1937	 1
3124	 1920	 1
3124	 1918	 1
3125	 1914	 1
3125	 1883	 1
3126	 1883	 1
3126	 1878	 1
3127	 1883	 1
3127	 1881	 1
3128	 1932	 1
3128	 1935	 1
3129	 1935	 1
3129	 1933	 1
3130	 1935	 1
3130	 1937	 1
3131	 509	 1
3131	 512	 1
3132	 512	 1
3132	 1574	 1
3133	 1758	 1
3133	 1288	 1
3134	 512	 1
3134	 1286	 1
3135	 1286	 1
3135	 1757	 1
3136	 1757	 1
3136	 1758	 1
3137	 513	 1
3137	 512	 1
3138	 510	 1
3138	 511	 1
3139	 511	 1
3139	 513	 1
3140	 73	 1
3140	 513	 1
3141	 1286	 1
3141	 1287	 1
3142	 910	 1
3142	 911	 1
3143	 911	 1
3143	 513	 1
3144	 511	 1
3144	 500	 1
3145	 500	 1
3145	 910	 1
3146	 911	 1
3146	 221	 1
3147	 1761	 1
3147	 1599	 1
3148	 1599	 1
3148	 910	 1
3149	 911	 1
3149	 1763	 1
3150	 1763	 1
3150	 1761	 1
3151	 1605	 1
3151	 222	 1
3152	 222	 1
3152	 223	 1
3153	 1763	 1
3153	 1605	 1
3154	 1598	 1
3154	 909	 1
3155	 909	 1
3155	 1766	 1
3156	 1766	 1
3156	 1598	 1
3157	 1767	 1
3157	 909	 1
3158	 1766	 1
3158	 1767	 1
3159	 1764	 1
3159	 1766	 1
3160	 1766	 1
3160	 1762	 1
3161	 1762	 1
3161	 1764	 1
3162	 1766	 1
3162	 1606	 1
3163	 1606	 1
3163	 1762	 1
3164	 1768	 1
3164	 1766	 1
3165	 1767	 1
3165	 1768	 1
3166	 1606	 1
3166	 1768	 1
3167	 1765	 1
3167	 1766	 1
3168	 1598	 1
3168	 1765	 1
3169	 1764	 1
3169	 1765	 1
3170	 499	 1
3170	 908	 1
3171	 908	 1
3171	 1291	 1
3172	 1291	 1
3172	 1600	 1
3173	 1600	 1
3173	 1601	 1
3174	 907	 1
3174	 908	 1
3175	 903	 1
3175	 902	 1
3176	 902	 1
3176	 907	 1
3177	 1247	 1
3177	 851	 1
3178	 851	 1
3178	 849	 1
3179	 1253	 1
3179	 851	 1
3180	 230	 1
3180	 850	 1
3181	 850	 1
3181	 851	 1
3182	 1254	 1
3182	 850	 1
3183	 850	 1
3183	 463	 1
3184	 463	 1
3184	 228	 1
3185	 462	 1
3185	 463	 1
3186	 506	 1
3186	 508	 1
3187	 508	 1
3187	 463	 1
3188	 72	 1
3188	 508	 1
3189	 504	 1
3189	 507	 1
3190	 507	 1
3190	 508	 1
3191	 507	 1
3191	 3	 1
3192	 507	 1
3192	 1604	 1
3193	 1604	 1
3193	 1602	 1
3194	 500	 1
3194	 1604	 1
3195	 1604	 1
3195	 1603	 1
3196	 1603	 1
3196	 1600	 1
3197	 1599	 1
3197	 1603	 1
3198	 1768	 1
3198	 906	 1
3199	 906	 1
3199	 902	 1
3200	 907	 1
3200	 1767	 1
3201	 222	 1
3201	 906	 1
3202	 1606	 1
3202	 1605	 1
3203	 1291	 1
3203	 1598	 1
3204	 1765	 1
3204	 1603	 1
3205	 1764	 1
3205	 1761	 1
3206	 908	 1
3206	 909	 1
3207	 1762	 1
3207	 1763	 1
3208	 906	 1
3208	 904	 1
3209	 482	 1
3209	 486	 1
3210	 486	 1
3210	 483	 1
3211	 486	 1
3211	 485	 1
3212	 1272	 1
3212	 474	 1
3213	 486	 1
3213	 1272	 1
3214	 1271	 1
3214	 1272	 1
3215	 472	 1
3215	 1273	 1
3216	 1273	 1
3216	 1272	 1
3217	 1747	 1
3217	 1273	 1
3218	 479	 1
3218	 854	 1
3219	 854	 1
3219	 1273	 1
3220	 871	 1
3220	 854	 1
3221	 1261	 1
3221	 466	 1
3222	 854	 1
3222	 1261	 1
3223	 1258	 1
3223	 1261	 1
3224	 853	 1
3224	 1262	 1
3225	 1262	 1
3225	 1261	 1
3226	 1262	 1
3226	 1260	 1
3227	 1262	 1
3227	 1578	 1
3228	 1578	 1
3228	 1576	 1
3229	 1267	 1
3229	 1578	 1
3230	 1579	 1
3230	 1578	 1
3231	 1577	 1
3231	 1579	 1
3232	 1579	 1
3232	 1266	 1
3233	 1584	 1
3233	 1579	 1
3234	 1915	 1
3234	 1882	 1
3235	 1882	 1
3235	 1883	 1
3236	 1914	 1
3236	 1915	 1
3237	 1882	 1
3237	 1880	 1
3238	 1925	 1
3238	 1934	 1
3239	 1934	 1
3239	 1935	 1
3240	 1934	 1
3240	 1936	 1
3241	 1936	 1
3241	 1937	 1
3242	 1912	 1
3242	 1913	 1
3243	 1913	 1
3243	 1884	 1
3244	 1915	 1
3244	 1913	 1
3245	 1936	 1
3245	 1922	 1
3246	 1922	 1
3246	 1920	 1
3247	 1885	 1
3247	 1922	 1
3248	 1915	 1
3248	 1921	 1
3249	 1921	 1
3249	 1882	 1
3250	 1741	 1
3250	 1921	 1
3251	 1934	 1
3251	 1921	 1
3252	 1921	 1
3252	 1575	 1
3253	 1921	 1
3253	 1936	 1
3254	 1913	 1
3254	 1921	 1
3255	 1921	 1
3255	 1922	 1
3256	 1290	 1
3256	 1760	 1
3257	 1760	 1
3257	 1758	 1
3258	 1597	 1
3258	 1760	 1
3259	 1760	 1
3259	 1759	 1
3260	 1759	 1
3260	 1757	 1
3261	 1754	 1
3261	 1759	 1
3262	 1756	 1
3262	 1759	 1
3263	 577	 1
3263	 576	 1
3264	 576	 1
3264	 581	 1
3265	 581	 1
3265	 579	 1
3266	 580	 1
3266	 581	 1
3267	 975	 1
3267	 1322	 1
3268	 1322	 1
3268	 581	 1
3269	 576	 1
3269	 974	 1
3270	 974	 1
3270	 975	 1
3271	 1322	 1
3271	 1321	 1
3272	 1898	 1
3272	 1901	 1
3273	 1901	 1
3273	 1938	 1
3274	 1938	 1
3274	 1923	 1
3275	 1939	 1
3275	 1901	 1
3276	 1938	 1
3276	 1939	 1
3277	 1901	 1
3277	 1782	 1
3278	 1782	 1
3278	 1785	 1
3279	 1785	 1
3279	 1901	 1
3280	 1784	 1
3280	 1785	 1
3281	 1901	 1
3281	 1808	 1
3282	 1901	 1
3282	 1930	 1
3283	 1930	 1
3283	 1939	 1
3284	 1930	 1
3284	 1924	 1
3285	 1901	 1
3285	 1783	 1
3286	 1783	 1
3286	 1690	 1
3287	 1782	 1
3287	 1783	 1
3288	 1940	 1
3288	 1871	 1
3289	 1871	 1
3289	 1870	 1
3290	 1926	 1
3290	 1940	 1
3291	 1942	 1
3291	 1872	 1
3292	 1872	 1
3292	 1807	 1
3293	 1807	 1
3293	 1871	 1
3294	 1940	 1
3294	 1942	 1
3295	 1788	 1
3295	 1322	 1
3296	 975	 1
3296	 1790	 1
3297	 1790	 1
3297	 1788	 1
3298	 1788	 1
3298	 1786	 1
3299	 1872	 1
3299	 1900	 1
3300	 1900	 1
3300	 1944	 1
3301	 1944	 1
3301	 1942	 1
3302	 1900	 1
3302	 1899	 1
3303	 1928	 1
3303	 1944	 1
3304	 1687	 1
3304	 1325	 1
3305	 1325	 1
3305	 1838	 1
3306	 1838	 1
3306	 1836	 1
3307	 1325	 1
3307	 974	 1
3308	 1790	 1
3308	 1838	 1
3309	 1466	 1
3309	 1467	 1
3310	 1467	 1
3310	 1871	 1
3311	 1467	 1
3311	 1460	 1
3312	 1116	 1
3312	 1464	 1
3313	 1464	 1
3313	 1807	 1
3314	 1113	 1
3314	 1463	 1
3315	 1463	 1
3315	 1467	 1
3316	 1462	 1
3316	 1463	 1
3317	 413	 1
3317	 414	 1
3318	 414	 1
3318	 1463	 1
3319	 158	 1
3319	 414	 1
3320	 1201	 1
3320	 414	 1
3321	 801	 1
3321	 1201	 1
3322	 1201	 1
3322	 1199	 1
3323	 1108	 1
3323	 1202	 1
3324	 1202	 1
3324	 1201	 1
3325	 1200	 1
3325	 1202	 1
3326	 1110	 1
3326	 740	 1
3327	 740	 1
3327	 1202	 1
3328	 740	 1
3328	 738	 1
3329	 811	 1
3329	 739	 1
3330	 739	 1
3330	 740	 1
3331	 739	 1
3331	 737	 1
3332	 739	 1
3332	 156	 1
3333	 156	 1
3333	 809	 1
3334	 155	 1
3334	 156	 1
3335	 1183	 1
3335	 156	 1
3336	 1722	 1
3336	 1822	 1
3337	 1822	 1
3337	 1823	 1
3338	 1823	 1
3338	 1723	 1
3339	 1823	 1
3339	 1721	 1
3340	 1821	 1
3340	 1210	 1
3341	 1531	 1
3341	 1821	 1
3342	 1903	 1
3342	 1821	 1
3343	 1904	 1
3343	 1903	 1
3344	 1716	 1
3344	 1718	 1
3345	 1718	 1
3345	 1717	 1
3346	 1822	 1
3346	 1718	 1
3347	 1902	 1
3347	 1908	 1
3348	 1908	 1
3348	 1903	 1
3349	 1908	 1
3349	 1906	 1
3350	 1825	 1
3350	 1823	 1
3351	 1822	 1
3351	 1824	 1
3352	 1821	 1
3352	 1819	 1
3353	 1903	 1
3353	 1820	 1
3354	 1718	 1
3354	 1714	 1
3355	 1908	 1
3355	 1907	 1
3356	 779	 1
3356	 785	 1
3357	 785	 1
3357	 1519	 1
3358	 785	 1
3358	 783	 1
3359	 785	 1
3359	 784	 1
3360	 784	 1
3360	 171	 1
3361	 781	 1
3361	 784	 1
3362	 784	 1
3362	 1180	 1
3363	 1180	 1
3363	 1177	 1
3364	 787	 1
3364	 1180	 1
3365	 1181	 1
3365	 1180	 1
3366	 1179	 1
3366	 1181	 1
3367	 788	 1
3367	 1181	 1
3368	 1181	 1
3368	 1236	 1
3369	 1236	 1
3369	 1544	 1
3370	 1236	 1
3370	 1232	 1
3371	 1236	 1
3371	 1235	 1
3372	 1504	 1
3372	 1508	 1
3373	 1508	 1
3373	 1507	 1
3374	 1500	 1
3374	 1508	 1
3375	 1149	 1
3375	 1502	 1
3376	 1502	 1
3376	 1508	 1
3377	 1501	 1
3377	 1502	 1
3378	 1502	 1
3378	 1812	 1
3379	 1812	 1
3379	 1705	 1
3380	 1812	 1
3380	 1809	 1
3381	 1812	 1
3381	 1813	 1
3382	 1813	 1
3382	 1704	 1
3383	 1811	 1
3383	 1813	 1
3384	 1484	 1
3384	 1486	 1
3385	 1486	 1
3385	 1813	 1
3386	 1134	 1
3386	 1486	 1
3387	 1486	 1
3387	 1485	 1
3388	 1485	 1
3388	 1483	 1
3389	 1141	 1
3389	 1485	 1
3390	 1480	 1
3390	 1695	 1
3391	 1695	 1
3391	 1485	 1
3392	 1695	 1
3392	 1693	 1
3393	 1482	 1
3393	 1694	 1
3394	 1694	 1
3394	 1695	 1
3395	 1694	 1
3395	 1692	 1
3396	 1694	 1
3396	 1698	 1
3397	 1698	 1
3397	 1696	 1
3398	 1489	 1
3398	 1698	 1
3399	 1699	 1
3399	 1698	 1
3400	 1697	 1
3400	 1699	 1
3401	 1491	 1
3401	 1699	 1
3402	 1494	 1
3402	 1699	 1
3403	 548	 1
3403	 265	 1
3404	 266	 1
3404	 548	 1
3405	 548	 1
3405	 547	 1
3406	 955	 1
3406	 263	 1
3407	 548	 1
3407	 955	 1
3408	 953	 1
3408	 955	 1
3409	 955	 1
3409	 1320	 1
3410	 1779	 1
3410	 1831	 1
3411	 1831	 1
3411	 1777	 1
3412	 1831	 1
3412	 1769	 1
3413	 1833	 1
3413	 1831	 1
3414	 1831	 1
3414	 1780	 1
3415	 1831	 1
3415	 1832	 1
3416	 1831	 1
3416	 1781	 1
3417	 1770	 1
3417	 1831	 1
3418	 1776	 1
3418	 1621	 1
3419	 1775	 1
3419	 1778	 1
3420	 1620	 1
3420	 1619	 1
3421	 1887	 1
3421	 1886	 1
3422	 1888	 1
3422	 1889	 1
3423	 1773	 1
3423	 1774	 1
3424	 1834	 1
3424	 1835	 1
3425	 1772	 1
3425	 1771	 1
3426	 89	 1
3426	 90	 1
3427	 90	 1
3427	 1316	 1
3428	 25	 1
3428	 90	 1
3429	 90	 1
3429	 551	 1
3430	 551	 1
3430	 267	 1
3431	 551	 1
3431	 549	 1
3432	 551	 1
3432	 552	 1
3433	 552	 1
3433	 559	 1
3434	 550	 1
3434	 552	 1
3435	 552	 1
3435	 979	 1
3436	 979	 1
3436	 1327	 1
3437	 979	 1
3437	 978	 1
3438	 1323	 1
3438	 1324	 1
3439	 1324	 1
3439	 979	 1
3440	 1324	 1
3440	 976	 1
3441	 1324	 1
3441	 1325	 1
3442	 1945	 1
3442	 1943	 1
3443	 1943	 1
3443	 1942	 1
3444	 1944	 1
3444	 1945	 1
3445	 1945	 1
3445	 1929	 1
3446	 1837	 1
3446	 1839	 1
3447	 1839	 1
3447	 1838	 1
3448	 1791	 1
3448	 1839	 1
3449	 1790	 1
3449	 1791	 1
3450	 1941	 1
3450	 1927	 1
3451	 1940	 1
3451	 1941	 1
3452	 1941	 1
3452	 1943	 1
3453	 1789	 1
3453	 1788	 1
3454	 1791	 1
3454	 1789	 1
3455	 1789	 1
3455	 1787	 1
3456	 1945	 1
3456	 1930	 1
3457	 1939	 1
3457	 1943	 1
3458	 1783	 1
3458	 1839	 1
3459	 1791	 1
3459	 1782	 1
3460	 1941	 1
3460	 1938	 1
3461	 1785	 1
3461	 1789	 1
3462	 1464	 1
3462	 1465	 1
3463	 1465	 1
3463	 1900	 1
3464	 973	 1
3464	 1465	 1
3465	 1465	 1
3465	 343	 1
