1	 7.032416e-01	 5.757576e-01
2	 4.848485e-01	 4.848485e-01
3	 8.123433e-01	 2.045870e-01
4	 4.848485e-01	 9.924091e-01
5	 4.848485e-01	 1.000000e+00
6	 4.545455e-01	 1.000000e+00
7	 5.151515e-01	 1.000000e+00
8	 5.454545e-01	 1.000000e+00
9	 5.151515e-01	 9.924091e-01
10	 6.763696e-01	 6.763696e-01
11	 6.681219e-01	 6.969697e-01
12	 6.728209e-01	 7.095001e-01
13	 1.000000e+00	 4.848485e-01
14	 8.787879e-01	 2.424242e-01
15	 8.181818e-01	 1.212121e-01
16	 7.575758e-01	 2.424242e-01
17	 7.878788e-01	 2.144558e-01
18	 -3.388132e-21	 4.848485e-01
19	 6.126387e-02	 3.723571e-01
20	 1.212121e-01	 8.484848e-01
21	 1.212121e-01	 8.787879e-01
22	 2.424242e-01	 9.076781e-01
23	 2.121212e-01	 9.090909e-01
24	 2.205253e-01	 9.006869e-01
25	 2.187767e-01	 8.919439e-01
26	 2.337907e-01	 8.571184e-01
27	 2.379728e-01	 8.137304e-01
28	 2.790639e-01	 9.330573e-01
29	 7.590909e-03	 7.590909e-03
30	 7.240743e-16	 2.116363e-16
31	 4.848485e-01	 9.393939e-01
32	 4.848485e-01	 9.696970e-01
33	 3.939394e-01	 1.000000e+00
34	 4.242424e-01	 1.000000e+00
35	 4.242424e-01	 9.924091e-01
36	 4.545455e-01	 9.924091e-01
37	 4.545455e-01	 9.696970e-01
38	 8.787879e-01	 8.181818e-01
39	 4.545455e-01	 5.151515e-01
40	 5.151515e-01	 9.090909e-01
41	 6.666667e-01	 5.454545e-01
42	 6.624587e-01	 7.272727e-01
43	 7.575758e-01	 6.363636e-01
44	 6.977202e-01	 6.060606e-01
45	 7.052564e-01	 5.802878e-01
46	 7.241591e-01	 6.666667e-01
47	 7.575758e-01	 6.666667e-01
48	 1.000000e+00	 5.151515e-01
49	 1.000000e+00	 5.454545e-01
50	 1.000000e+00	 6.060606e-01
51	 1.000000e+00	 5.757576e-01
52	 1.000000e+00	 6.969697e-01
53	 7.272727e-01	 -3.388132e-21
54	 6.666667e-01	 3.030303e-02
55	 5.757576e-01	 3.636364e-01
56	 5.151515e-01	 4.545455e-01
57	 6.666667e-01	 5.151515e-01
58	 7.536341e-01	 5.253306e-01
59	 7.337669e-01	 5.541058e-01
60	 6.969697e-01	 5.454545e-01
61	 7.205225e-01	 5.501321e-01
62	 7.072416e-01	 5.557264e-01
63	 6.969697e-01	 5.151515e-01
64	 7.635974e-01	 5.151515e-01
65	 9.924091e-01	 7.590909e-03
66	 1.000000e+00	 -3.388132e-21
67	 8.181818e-01	 9.090909e-02
68	 8.484848e-01	 9.090909e-02
69	 9.090909e-01	 2.121212e-01
70	 7.878788e-01	 9.090909e-02
71	 8.181818e-01	 1.515152e-01
72	 7.785662e-01	 2.095453e-01
73	 8.487623e-01	 2.145925e-01
74	 7.878788e-01	 2.424242e-01
75	 8.181818e-01	 3.939394e-01
76	 9.090909e-01	 3.939394e-01
77	 8.430874e-02	 3.834364e-01
78	 6.915761e-02	 3.761522e-01
79	 6.680312e-02	 3.423147e-01
80	 5.661008e-02	 3.636364e-01
81	 1.155362e-01	 3.276574e-01
82	 1.212121e-01	 3.333333e-01
83	 9.464044e-02	 3.636364e-01
84	 7.590909e-03	 4.848485e-01
85	 7.590909e-03	 9.924091e-01
86	 2.459343e-16	 1.000000e+00
87	 1.283377e-01	 8.253074e-01
88	 1.272254e-01	 8.424715e-01
89	 2.346763e-01	 8.628023e-01
90	 2.263948e-01	 8.779810e-01
91	 1.806609e-01	 9.090909e-01
92	 2.173570e-01	 8.188535e-01
93	 1.929436e-01	 8.042067e-01
94	 2.109936e-01	 8.150358e-01
95	 2.424242e-01	 8.484848e-01
96	 2.424242e-01	 8.181818e-01
97	 2.387864e-01	 7.944553e-01
98	 2.715833e-01	 7.575758e-01
99	 2.727273e-01	 7.878788e-01
100	 2.619195e-01	 7.770711e-01
101	 2.617684e-01	 7.709886e-01
102	 3.939394e-01	 9.924091e-01
103	 3.636364e-01	 9.924091e-01
104	 2.727273e-01	 9.393939e-01
105	 3.030303e-01	 9.696970e-01
106	 3.333333e-01	 7.878788e-01
107	 3.030303e-01	 7.878788e-01
108	 1.212121e-01	 8.181818e-01
109	 2.463291e-01	 7.244709e-01
110	 2.727273e-01	 4.848485e-01
111	 1.619402e-01	 5.558796e-01
112	 8.559752e-02	 3.886278e-01
113	 6.422875e-02	 3.333333e-01
114	 9.591594e-02	 2.171281e-01
115	 1.212121e-01	 1.818182e-01
116	 1.330163e-01	 2.433261e-01
117	 1.212121e-01	 1.515152e-01
118	 1.515152e-01	 1.212121e-01
119	 1.212121e-01	 1.212121e-01
120	 1.515152e-01	 9.090909e-02
121	 3.030303e-02	 -5.680440e-16
122	 6.060606e-02	 0.000000e+00
123	 3.030303e-02	 3.030303e-02
124	 3.030303e-02	 7.590909e-03
125	 6.060606e-02	 6.060606e-02
126	 5.151515e-01	 1.212121e-01
127	 5.151515e-01	 1.515152e-01
128	 3.030303e-01	 2.727273e-01
129	 4.749513e-01	 9.294967e-01
130	 4.228312e-01	 9.696970e-01
131	 4.190358e-01	 9.819750e-01
132	 7.575758e-01	 1.000000e+00
133	 9.696970e-01	 9.696970e-01
134	 8.484848e-01	 8.484848e-01
135	 8.181818e-01	 8.181818e-01
136	 8.181818e-01	 8.484848e-01
137	 8.484848e-01	 8.181818e-01
138	 6.969697e-01	 9.696970e-01
139	 6.666667e-01	 9.696970e-01
140	 7.878788e-01	 7.878788e-01
141	 2.782110e-01	 4.222810e-01
142	 2.956391e-01	 4.168512e-01
143	 4.545455e-01	 4.848485e-01
144	 3.537213e-01	 6.264485e-01
145	 3.588866e-01	 6.057259e-01
146	 3.590280e-01	 6.060606e-01
147	 4.242424e-01	 5.151515e-01
148	 4.242424e-01	 5.454545e-01
149	 3.866963e-01	 5.685145e-01
150	 3.686047e-01	 5.743014e-01
151	 3.733767e-01	 4.945888e-01
152	 3.636364e-01	 4.848485e-01
153	 6.060606e-01	 8.479709e-01
154	 6.249886e-01	 8.394476e-01
155	 6.266134e-01	 8.316447e-01
156	 6.187383e-01	 8.178609e-01
157	 5.091686e-01	 9.031080e-01
158	 4.814290e-01	 9.127696e-01
159	 6.666667e-01	 6.666667e-01
160	 6.363636e-01	 6.666667e-01
161	 6.666667e-01	 6.363636e-01
162	 6.363636e-01	 6.363636e-01
163	 6.666667e-01	 6.060606e-01
164	 6.666667e-01	 5.757576e-01
165	 5.454545e-01	 7.272727e-01
166	 5.151515e-01	 7.272727e-01
167	 4.848485e-01	 6.969697e-01
168	 4.545455e-01	 6.969697e-01
169	 7.166104e-01	 6.863074e-01
170	 7.137179e-01	 6.870345e-01
171	 7.209929e-01	 7.361393e-01
172	 7.296577e-01	 6.363636e-01
173	 7.199389e-01	 6.541650e-01
174	 6.774708e-01	 6.761592e-01
175	 6.955221e-01	 6.815752e-01
176	 9.924091e-01	 4.848485e-01
177	 9.696970e-01	 4.848485e-01
178	 9.393939e-01	 5.151515e-01
179	 9.393939e-01	 5.454545e-01
180	 9.924091e-01	 6.666667e-01
181	 9.924091e-01	 6.969697e-01
182	 6.969697e-01	 -5.680711e-16
183	 5.151515e-01	 4.848485e-01
184	 5.151515e-01	 5.151515e-01
185	 4.848485e-01	 5.151515e-01
186	 6.060606e-01	 4.848485e-01
187	 5.454545e-01	 4.848485e-01
188	 5.757576e-01	 4.848485e-01
189	 9.696970e-01	 3.333333e-01
190	 7.300173e-01	 5.182448e-01
191	 7.279424e-01	 5.151515e-01
192	 7.433280e-01	 5.222385e-01
193	 7.575307e-01	 4.917637e-01
194	 7.528892e-01	 4.903711e-01
195	 7.810501e-01	 4.780198e-01
196	 6.363636e-01	 2.727273e-01
197	 7.602659e-01	 3.939394e-01
198	 7.589472e-01	 4.227167e-01
199	 7.335281e-01	 4.845622e-01
200	 7.332360e-01	 4.848485e-01
201	 6.969697e-01	 4.848485e-01
202	 7.272727e-01	 3.939394e-01
203	 6.969697e-01	 3.030303e-01
204	 6.666667e-01	 2.727273e-01
205	 6.060606e-01	 3.979968e-01
206	 5.757576e-01	 3.939394e-01
207	 5.795315e-01	 3.901655e-01
208	 1.000000e+00	 2.727273e-01
209	 9.924091e-01	 2.424242e-01
210	 1.000000e+00	 2.424242e-01
211	 1.000000e+00	 2.121212e-01
212	 8.484848e-01	 1.469007e-01
213	 8.484848e-01	 1.212121e-01
214	 9.696970e-01	 -3.388132e-21
215	 9.696970e-01	 3.030303e-02
216	 9.696970e-01	 7.590909e-03
217	 7.575758e-01	 5.680711e-16
218	 8.787879e-01	 2.727273e-01
219	 8.521435e-01	 2.121212e-01
220	 8.787879e-01	 2.121212e-01
221	 8.526168e-01	 1.855053e-01
222	 8.541050e-01	 1.713615e-01
223	 8.627316e-01	 1.800853e-01
224	 6.969697e-01	 7.590909e-03
225	 6.969697e-01	 3.030303e-02
226	 7.272727e-01	 7.590909e-03
227	 7.272727e-01	 3.030303e-02
228	 7.371176e-01	 1.974555e-01
229	 7.381983e-01	 1.927437e-01
230	 7.113456e-01	 2.162022e-01
231	 7.878788e-01	 1.212121e-01
232	 8.248040e-01	 1.581373e-01
233	 8.111338e-01	 2.424242e-01
234	 8.181818e-01	 4.545455e-01
235	 8.181818e-01	 4.242424e-01
236	 8.484848e-01	 4.242424e-01
237	 8.484848e-01	 3.939394e-01
238	 8.787879e-01	 3.939394e-01
239	 1.215559e-01	 3.030303e-01
240	 1.213802e-01	 3.031428e-01
241	 1.276869e-01	 2.734693e-01
242	 1.202446e-01	 2.698913e-01
243	 1.041868e-01	 2.621712e-01
244	 3.030303e-02	 3.333333e-01
245	 8.974520e-02	 3.533446e-01
246	 1.066537e-01	 3.287682e-01
247	 8.192935e-02	 3.495870e-01
248	 -3.388132e-21	 5.454545e-01
249	 -3.388132e-21	 5.151515e-01
250	 7.590909e-03	 5.151515e-01
251	 3.030303e-02	 4.848485e-01
252	 2.424242e-01	 9.393939e-01
253	 -3.388132e-21	 9.696970e-01
254	 3.030303e-02	 9.696970e-01
255	 7.590909e-03	 9.696970e-01
256	 9.090909e-02	 7.878788e-01
257	 9.090909e-02	 7.575758e-01
258	 6.060606e-02	 7.575758e-01
259	 6.060606e-02	 7.878788e-01
260	 9.090909e-02	 8.181818e-01
261	 6.060606e-02	 8.181818e-01
262	 9.090909e-02	 8.484848e-01
263	 1.685666e-01	 8.245148e-01
264	 1.515152e-01	 8.160175e-01
265	 1.292176e-01	 8.249611e-01
266	 1.589505e-01	 8.198951e-01
267	 2.585625e-01	 8.825337e-01
268	 1.766559e-01	 9.141199e-01
269	 1.715229e-01	 9.290986e-01
270	 1.709341e-01	 9.292595e-01
271	 1.794477e-01	 8.931796e-01
272	 1.927618e-01	 7.988224e-01
273	 1.818182e-01	 7.878788e-01
274	 1.212121e-01	 7.878788e-01
275	 1.212121e-01	 7.575758e-01
276	 1.515152e-01	 7.575758e-01
277	 1.515152e-01	 7.878788e-01
278	 3.030303e-01	 8.181818e-01
279	 2.727273e-01	 8.181818e-01
280	 3.636364e-01	 6.363636e-01
281	 3.606424e-01	 9.864091e-01
282	 3.636364e-01	 1.000000e+00
283	 3.288846e-01	 9.696970e-01
284	 2.727273e-01	 1.000000e+00
285	 -3.388132e-21	 6.969697e-01
286	 6.060606e-02	 6.969697e-01
287	 6.060606e-02	 7.272727e-01
288	 3.030303e-02	 6.363636e-01
289	 3.030303e-02	 6.666667e-01
290	 0.000000e+00	 5.757576e-01
291	 7.590909e-03	 6.666667e-01
292	 0.000000e+00	 6.666667e-01
293	 9.090909e-02	 6.969697e-01
294	 9.090909e-02	 7.272727e-01
295	 1.212121e-01	 7.272727e-01
296	 2.049558e-01	 5.685921e-01
297	 2.046139e-01	 5.673586e-01
298	 2.121212e-01	 5.757576e-01
299	 2.957794e-01	 6.423742e-01
300	 3.030303e-01	 6.060606e-01
301	 2.727273e-01	 6.363636e-01
302	 2.827765e-01	 6.464128e-01
303	 2.637252e-01	 4.758464e-01
304	 2.687520e-01	 4.545455e-01
305	 2.685452e-01	 4.541040e-01
306	 1.890463e-01	 5.223797e-01
307	 1.755120e-01	 5.511909e-01
308	 1.894737e-01	 5.589474e-01
309	 1.818182e-01	 5.151515e-01
310	 2.883920e-02	 4.242424e-01
311	 1.212121e-01	 3.636364e-01
312	 2.453682e-01	 4.412280e-01
313	 2.684211e-01	 4.168421e-01
314	 2.526316e-01	 4.452632e-01
315	 3.636364e-01	 4.545455e-01
316	 7.590909e-03	 3.030303e-02
317	 0.000000e+00	 3.030303e-02
318	 3.030303e-02	 6.060606e-02
319	 3.030303e-02	 2.424242e-01
320	 9.090909e-02	 2.121212e-01
321	 7.215498e-02	 3.145792e-01
322	 7.590909e-03	 2.424242e-01
323	 -3.388132e-21	 2.424242e-01
324	 1.233577e-01	 2.031462e-01
325	 1.054396e-01	 2.182716e-01
326	 1.605899e-01	 1.302869e-01
327	 1.553242e-01	 1.515152e-01
328	 1.212121e-01	 9.090909e-02
329	 6.060606e-02	 7.590909e-03
330	 6.060606e-02	 3.030303e-02
331	 5.454545e-01	 1.212121e-01
332	 6.363636e-01	 3.030303e-02
333	 5.757576e-01	 6.060606e-02
334	 6.060606e-01	 3.030303e-02
335	 3.333333e-01	 5.680169e-16
336	 3.917815e-01	 2.424242e-01
337	 3.893551e-01	 2.236768e-01
338	 3.789474e-01	 2.178947e-01
339	 4.147102e-01	 1.261840e-01
340	 3.333333e-01	 3.939394e-01
341	 4.848485e-01	 8.484848e-01
342	 3.953530e-01	 9.895762e-01
343	 4.177417e-01	 9.823799e-01
344	 8.181818e-01	 1.000000e+00
345	 8.181818e-01	 9.924091e-01
346	 7.878788e-01	 1.000000e+00
347	 9.393939e-01	 9.696970e-01
348	 8.484848e-01	 9.696970e-01
349	 8.181818e-01	 9.696970e-01
350	 9.393939e-01	 8.489099e-01
351	 9.924091e-01	 9.924091e-01
352	 1.000000e+00	 1.000000e+00
353	 9.090909e-01	 1.000000e+00
354	 9.393939e-01	 9.393939e-01
355	 6.060606e-01	 1.000000e+00
356	 5.757576e-01	 1.000000e+00
357	 6.060606e-01	 9.924091e-01
358	 5.454545e-01	 9.924091e-01
359	 5.757576e-01	 9.924091e-01
360	 5.757576e-01	 9.696970e-01
361	 5.151515e-01	 9.393939e-01
362	 5.151515e-01	 9.696970e-01
363	 5.454545e-01	 9.696970e-01
364	 6.363636e-01	 9.924091e-01
365	 6.363636e-01	 1.000000e+00
366	 6.666667e-01	 9.924091e-01
367	 6.666667e-01	 1.000000e+00
368	 7.878788e-01	 9.696970e-01
369	 7.575758e-01	 9.924091e-01
370	 7.878788e-01	 9.924091e-01
371	 7.272727e-01	 9.924091e-01
372	 7.272727e-01	 1.000000e+00
373	 6.969697e-01	 9.924091e-01
374	 6.969697e-01	 1.000000e+00
375	 6.969697e-01	 9.393939e-01
376	 7.878788e-01	 7.575758e-01
377	 8.484848e-01	 7.878788e-01
378	 8.484848e-01	 7.575758e-01
379	 8.181818e-01	 7.575758e-01
380	 8.181818e-01	 7.878788e-01
381	 3.105555e-01	 6.135858e-01
382	 3.106745e-01	 6.140557e-01
383	 3.333333e-01	 5.454545e-01
384	 3.030303e-01	 5.757576e-01
385	 4.848485e-01	 5.454545e-01
386	 4.545455e-01	 5.454545e-01
387	 3.939394e-01	 5.757576e-01
388	 4.242424e-01	 6.060606e-01
389	 4.242424e-01	 5.757576e-01
390	 3.939394e-01	 6.060606e-01
391	 3.945462e-01	 5.454545e-01
392	 3.893094e-01	 5.494684e-01
393	 3.971848e-01	 5.217816e-01
394	 3.834351e-01	 4.900618e-01
395	 3.030303e-01	 4.848485e-01
396	 3.333333e-01	 4.848485e-01
397	 3.333333e-01	 5.151515e-01
398	 3.333333e-01	 3.636364e-01
399	 3.275631e-01	 3.578662e-01
400	 3.636364e-01	 3.636364e-01
401	 6.945013e-01	 7.507409e-01
402	 7.062047e-01	 7.376496e-01
403	 6.939542e-01	 7.158408e-01
404	 6.859609e-01	 7.134425e-01
405	 6.695459e-01	 7.432535e-01
406	 6.504328e-01	 7.635710e-01
407	 6.763998e-01	 7.453099e-01
408	 7.575758e-01	 7.606275e-01
409	 6.324665e-01	 8.280394e-01
410	 6.969697e-01	 9.090909e-01
411	 7.272727e-01	 8.787879e-01
412	 6.666667e-01	 9.393939e-01
413	 4.663700e-01	 8.864121e-01
414	 4.743394e-01	 9.003608e-01
415	 6.060606e-01	 6.666667e-01
416	 6.313948e-01	 7.897324e-01
417	 6.363636e-01	 7.575758e-01
418	 6.448153e-01	 7.660275e-01
419	 4.545455e-01	 6.666667e-01
420	 4.848485e-01	 6.666667e-01
421	 7.272727e-01	 7.300362e-01
422	 7.272727e-01	 6.969697e-01
423	 7.575758e-01	 6.969697e-01
424	 7.234861e-01	 6.204932e-01
425	 7.356501e-01	 6.060606e-01
426	 7.262404e-01	 5.865836e-01
427	 7.242057e-01	 5.859731e-01
428	 7.018166e-01	 6.139917e-01
429	 6.917787e-01	 6.363636e-01
430	 6.991498e-01	 6.479276e-01
431	 7.146445e-01	 6.178405e-01
432	 7.050833e-01	 6.497078e-01
433	 8.787879e-01	 4.242424e-01
434	 9.924091e-01	 5.151515e-01
435	 9.696970e-01	 5.151515e-01
436	 9.924091e-01	 5.454545e-01
437	 9.696970e-01	 5.454545e-01
438	 8.484848e-01	 5.757576e-01
439	 9.924091e-01	 6.363636e-01
440	 1.000000e+00	 6.363636e-01
441	 1.000000e+00	 6.666667e-01
442	 6.666667e-01	 7.590909e-03
443	 6.666667e-01	 0.000000e+00
444	 6.060606e-01	 4.242424e-01
445	 6.060606e-01	 4.545455e-01
446	 6.363636e-01	 4.545455e-01
447	 6.666667e-01	 4.848485e-01
448	 6.363636e-01	 4.848485e-01
449	 5.757576e-01	 4.242424e-01
450	 5.454545e-01	 4.545455e-01
451	 5.757576e-01	 4.545455e-01
452	 1.000000e+00	 4.545455e-01
453	 9.924091e-01	 2.727273e-01
454	 9.924091e-01	 3.030303e-01
455	 1.000000e+00	 3.030303e-01
456	 7.528909e-01	 4.556356e-01
457	 7.357557e-01	 4.630285e-01
458	 7.272727e-01	 4.545455e-01
459	 7.568786e-01	 4.242424e-01
460	 7.272727e-01	 4.242424e-01
461	 7.500035e-01	 2.348520e-01
462	 7.508940e-01	 2.280701e-01
463	 7.449169e-01	 2.147875e-01
464	 7.575758e-01	 2.727273e-01
465	 7.028787e-01	 3.089393e-01
466	 6.912458e-01	 3.313694e-01
467	 7.908925e-01	 4.242424e-01
468	 8.099292e-01	 3.856868e-01
469	 7.891672e-01	 3.970477e-01
470	 6.666667e-01	 4.545455e-01
471	 6.969697e-01	 4.545455e-01
472	 6.369485e-01	 3.543654e-01
473	 6.060606e-01	 3.607942e-01
474	 6.087369e-01	 3.625669e-01
475	 6.060606e-01	 3.333333e-01
476	 6.363636e-01	 3.333333e-01
477	 6.406521e-01	 3.376217e-01
478	 6.666667e-01	 3.301676e-01
479	 6.611985e-01	 3.364259e-01
480	 6.363636e-01	 3.030303e-01
481	 6.666667e-01	 3.030303e-01
482	 5.931736e-01	 3.648301e-01
483	 5.795733e-01	 3.891920e-01
484	 5.803276e-01	 3.682064e-01
485	 6.075777e-01	 3.968393e-01
486	 6.000000e-01	 3.800000e-01
487	 9.924091e-01	 3.030303e-02
488	 1.000000e+00	 3.030303e-02
489	 9.393939e-01	 6.060606e-02
490	 9.393939e-01	 9.090909e-02
491	 9.393939e-01	 1.212121e-01
492	 9.090909e-01	 1.212121e-01
493	 8.787879e-01	 1.212121e-01
494	 9.393939e-01	 3.030303e-02
495	 9.090909e-01	 3.030303e-02
496	 7.575758e-01	 7.590909e-03
497	 9.090909e-01	 2.424242e-01
498	 9.090909e-01	 2.727273e-01
499	 8.550326e-01	 1.499281e-01
500	 8.359852e-01	 1.811067e-01
501	 7.575758e-01	 1.845677e-01
502	 7.878788e-01	 1.515152e-01
503	 7.575758e-01	 9.090909e-02
504	 8.029304e-01	 1.836692e-01
505	 7.878788e-01	 1.764829e-01
506	 7.689235e-01	 1.881170e-01
507	 8.048061e-01	 1.878375e-01
508	 7.748615e-01	 2.013125e-01
509	 8.183197e-01	 2.369626e-01
510	 8.163215e-01	 2.060397e-01
511	 8.183540e-01	 2.054691e-01
512	 8.280442e-01	 2.398802e-01
513	 8.367157e-01	 2.109781e-01
514	 9.090909e-01	 3.030303e-01
515	 9.393939e-01	 3.333333e-01
516	 9.090909e-01	 3.333333e-01
517	 9.090909e-01	 3.636364e-01
518	 0.000000e+00	 3.333333e-01
519	 7.590909e-03	 3.333333e-01
520	 3.030303e-02	 3.939394e-01
521	 3.030303e-02	 3.636364e-01
522	 0.000000e+00	 4.242424e-01
523	 7.590909e-03	 4.242424e-01
524	 0.000000e+00	 4.545455e-01
525	 7.590909e-03	 4.545455e-01
526	 3.030303e-02	 9.924091e-01
527	 3.030303e-02	 1.000000e+00
528	 6.060606e-02	 9.393939e-01
529	 1.212121e-01	 9.090909e-01
530	 1.256976e-01	 9.135764e-01
531	 9.090909e-02	 9.393939e-01
532	 1.372118e-01	 9.380153e-01
533	 1.515152e-01	 9.424462e-01
534	 1.212121e-01	 9.393939e-01
535	 1.259628e-01	 9.346432e-01
536	 1.818182e-01	 9.393939e-01
537	 2.121212e-01	 9.393939e-01
538	 3.030303e-02	 9.393939e-01
539	 3.030303e-02	 9.090909e-01
540	 -3.388132e-21	 7.878788e-01
541	 3.030303e-02	 7.878788e-01
542	 7.590909e-03	 7.878788e-01
543	 0.000000e+00	 8.181818e-01
544	 3.030303e-02	 8.181818e-01
545	 7.590909e-03	 8.181818e-01
546	 3.030303e-02	 7.575758e-01
547	 1.426460e-01	 8.497788e-01
548	 1.500000e-01	 8.363000e-01
549	 2.456565e-01	 9.061885e-01
550	 2.745858e-01	 9.166766e-01
551	 2.530976e-01	 8.925500e-01
552	 2.798004e-01	 9.071191e-01
553	 1.382909e-01	 9.096751e-01
554	 1.500000e-01	 9.167000e-01
555	 2.160216e-01	 7.807975e-01
556	 2.274290e-01	 7.876414e-01
557	 2.438643e-01	 7.602470e-01
558	 1.818182e-01	 7.575758e-01
559	 2.896602e-01	 8.890476e-01
560	 2.727273e-01	 8.790202e-01
561	 2.727273e-01	 8.484848e-01
562	 4.242424e-01	 6.363636e-01
563	 4.242424e-01	 6.666667e-01
564	 3.939394e-01	 6.363636e-01
565	 2.937464e-01	 7.179888e-01
566	 2.693064e-01	 7.382562e-01
567	 2.602996e-01	 7.328526e-01
568	 3.030303e-01	 7.272727e-01
569	 3.030303e-01	 7.575758e-01
570	 4.242424e-01	 7.272727e-01
571	 4.242424e-01	 6.969697e-01
572	 3.939394e-01	 6.666667e-01
573	 3.939394e-01	 6.969697e-01
574	 3.939394e-01	 7.575758e-01
575	 3.939394e-01	 7.272727e-01
576	 3.425495e-01	 9.583595e-01
577	 3.359451e-01	 9.585138e-01
578	 3.360044e-01	 9.870562e-01
579	 3.334952e-01	 9.808297e-01
580	 3.583886e-01	 9.860825e-01
581	 3.500000e-01	 9.714000e-01
582	 3.333333e-01	 9.924091e-01
583	 3.030303e-01	 9.924091e-01
584	 3.030303e-01	 1.000000e+00
585	 3.333333e-01	 1.000000e+00
586	 6.060606e-02	 6.666667e-01
587	 -3.388132e-21	 6.363636e-01
588	 7.590909e-03	 6.363636e-01
589	 -3.388132e-21	 6.060606e-01
590	 7.590909e-03	 6.060606e-01
591	 7.590909e-03	 5.757576e-01
592	 7.590909e-03	 5.454545e-01
593	 3.030303e-02	 6.060606e-01
594	 3.030303e-02	 5.757576e-01
595	 3.030303e-02	 5.151515e-01
596	 3.030303e-02	 5.454545e-01
597	 2.121212e-01	 6.060606e-01
598	 1.564383e-01	 5.757576e-01
599	 1.212121e-01	 6.060606e-01
600	 1.307737e-01	 6.156221e-01
601	 1.212121e-01	 5.757576e-01
602	 2.727273e-01	 6.060606e-01
603	 2.424242e-01	 6.060606e-01
604	 2.777039e-01	 6.687846e-01
605	 2.768539e-01	 6.666667e-01
606	 2.666227e-01	 6.993912e-01
607	 2.424242e-01	 6.969697e-01
608	 2.497436e-01	 7.042891e-01
609	 3.393804e-01	 6.312779e-01
610	 3.096056e-01	 6.506693e-01
611	 3.260410e-01	 6.232749e-01
612	 3.636364e-01	 6.666667e-01
613	 3.636364e-01	 6.969697e-01
614	 3.333333e-01	 6.666667e-01
615	 3.241630e-01	 6.594030e-01
616	 3.260600e-01	 6.593933e-01
617	 3.333333e-01	 6.969697e-01
618	 2.318190e-01	 5.348493e-01
619	 2.198547e-01	 5.386327e-01
620	 2.380077e-01	 5.151515e-01
621	 2.490381e-01	 4.804598e-01
622	 2.363181e-01	 5.105861e-01
623	 2.368421e-01	 4.736842e-01
624	 3.030303e-01	 5.151515e-01
625	 3.030303e-01	 5.454545e-01
626	 2.727273e-01	 5.151515e-01
627	 2.094266e-01	 4.848485e-01
628	 2.208402e-01	 4.647942e-01
629	 2.204183e-01	 4.628425e-01
630	 1.515152e-01	 5.454545e-01
631	 1.212121e-01	 5.454545e-01
632	 6.599209e-02	 4.242424e-01
633	 3.461829e-02	 3.982547e-01
634	 3.352289e-02	 4.080783e-01
635	 4.654814e-02	 3.962508e-01
636	 3.030303e-01	 4.242424e-01
637	 3.030303e-01	 4.545455e-01
638	 3.333333e-01	 4.545455e-01
639	 3.333333e-01	 4.242424e-01
640	 2.424242e-01	 3.030303e-01
641	 2.519796e-01	 4.077080e-01
642	 2.410528e-01	 4.242424e-01
643	 0.000000e+00	 6.060606e-02
644	 7.590909e-03	 6.060606e-02
645	 6.060606e-02	 2.121212e-01
646	 9.090909e-02	 1.515152e-01
647	 9.090909e-02	 1.818182e-01
648	 6.060606e-02	 1.818182e-01
649	 9.912577e-02	 2.636230e-01
650	 9.310574e-02	 2.724889e-01
651	 9.538733e-02	 2.906462e-01
652	 7.540457e-02	 3.137446e-01
653	 1.074728e-01	 2.964565e-01
654	 9.470109e-02	 3.230217e-01
655	 2.824373e-02	 2.727273e-01
656	 3.030303e-02	 3.030303e-01
657	 3.953476e-02	 2.516560e-01
658	 3.728653e-02	 2.568379e-01
659	 1.240105e-01	 2.389964e-01
660	 1.199287e-01	 2.389704e-01
661	 1.138587e-01	 2.302989e-01
662	 6.060606e-02	 1.515152e-01
663	 3.030303e-02	 9.090909e-02
664	 9.090909e-02	 1.212121e-01
665	 9.090909e-02	 9.090909e-02
666	 6.060606e-02	 9.090909e-02
667	 6.060606e-02	 1.212121e-01
668	 1.515152e-01	 2.727273e-01
669	 1.464781e-01	 2.676903e-01
670	 1.468780e-01	 2.499904e-01
671	 1.545386e-01	 2.424242e-01
672	 1.370746e-01	 2.212561e-01
673	 1.360275e-01	 2.212458e-01
674	 1.329902e-01	 2.169068e-01
675	 1.531325e-01	 2.289762e-01
676	 1.423967e-01	 2.238148e-01
677	 1.818182e-01	 6.060606e-02
678	 2.121212e-01	 3.030303e-02
679	 1.835878e-01	 9.090909e-02
680	 1.913432e-01	 7.013105e-02
681	 1.948375e-01	 6.940820e-02
682	 1.561341e-01	 1.532761e-01
683	 1.494682e-01	 1.761244e-01
684	 2.727273e-01	 7.590909e-03
685	 1.818182e-01	 3.030303e-02
686	 1.515152e-01	 6.060606e-02
687	 1.515152e-01	 3.030303e-02
688	 4.848485e-01	 1.212121e-01
689	 6.060606e-01	 1.818182e-01
690	 4.586810e-01	 6.060606e-02
691	 4.610126e-01	 7.017734e-02
692	 4.663864e-01	 9.090909e-02
693	 4.848485e-01	 9.090909e-02
694	 4.848485e-01	 6.060606e-02
695	 4.848485e-01	 3.030303e-02
696	 5.151515e-01	 3.030303e-02
697	 6.363636e-01	 -5.680711e-16
698	 6.363636e-01	 7.590909e-03
699	 5.757576e-01	 3.333333e-01
700	 6.060606e-01	 2.727273e-01
701	 5.757576e-01	 3.030303e-01
702	 6.060606e-01	 3.030303e-01
703	 3.823592e-01	 2.611471e-01
704	 3.821171e-01	 2.568487e-01
705	 3.636364e-01	 3.030303e-01
706	 3.636364e-01	 3.333333e-01
707	 3.939394e-01	 2.727273e-01
708	 3.939394e-01	 3.030303e-01
709	 2.424242e-01	 2.727273e-01
710	 2.727273e-01	 2.727273e-01
711	 2.424242e-01	 2.424242e-01
712	 3.939394e-01	 6.060606e-02
713	 3.030303e-01	 1.212121e-01
714	 4.199653e-01	 1.662965e-01
715	 4.545455e-01	 1.515152e-01
716	 4.848485e-01	 1.515152e-01
717	 4.848485e-01	 1.818182e-01
718	 4.236392e-01	 1.818182e-01
719	 4.242424e-01	 2.121212e-01
720	 4.130947e-01	 1.996725e-01
721	 4.132883e-01	 2.011671e-01
722	 4.545455e-01	 1.818182e-01
723	 4.545455e-01	 2.121212e-01
724	 3.658070e-01	 2.105946e-01
725	 3.636364e-01	 1.818182e-01
726	 3.697452e-01	 1.879270e-01
727	 3.333333e-01	 1.818182e-01
728	 2.727273e-01	 2.424242e-01
729	 3.073696e-01	 3.640942e-01
730	 3.021886e-01	 3.939394e-01
731	 2.987530e-01	 3.965002e-01
732	 2.842105e-01	 3.884211e-01
733	 3.053496e-01	 3.030303e-01
734	 2.727273e-01	 3.030303e-01
735	 4.848485e-01	 7.878788e-01
736	 4.848485e-01	 8.181818e-01
737	 5.954520e-01	 8.441511e-01
738	 5.685043e-01	 8.640327e-01
739	 5.898585e-01	 8.343608e-01
740	 5.609787e-01	 8.508608e-01
741	 4.848485e-01	 7.575758e-01
742	 4.848485e-01	 7.272727e-01
743	 4.545455e-01	 7.272727e-01
744	 3.333333e-01	 8.181818e-01
745	 3.636364e-01	 7.878788e-01
746	 3.939394e-01	 7.878788e-01
747	 3.636364e-01	 8.181818e-01
748	 4.545455e-01	 8.181818e-01
749	 8.484848e-01	 1.000000e+00
750	 8.484848e-01	 9.924091e-01
751	 8.787879e-01	 1.000000e+00
752	 8.787879e-01	 9.924091e-01
753	 9.090909e-01	 9.924091e-01
754	 9.924091e-01	 9.696970e-01
755	 1.000000e+00	 9.696970e-01
756	 9.090909e-01	 8.184170e-01
757	 9.696970e-01	 9.924091e-01
758	 9.696970e-01	 1.000000e+00
759	 9.393939e-01	 9.924091e-01
760	 9.393939e-01	 1.000000e+00
761	 6.363636e-01	 9.393939e-01
762	 6.060606e-01	 9.696970e-01
763	 6.363636e-01	 9.696970e-01
764	 3.314504e-01	 5.757576e-01
765	 3.358386e-01	 5.918981e-01
766	 3.424763e-01	 5.958805e-01
767	 3.421859e-01	 5.543071e-01
768	 3.427255e-01	 5.587751e-01
769	 3.589117e-01	 5.684860e-01
770	 4.242424e-01	 4.848485e-01
771	 3.939394e-01	 4.785332e-01
772	 3.939394e-01	 4.545455e-01
773	 3.939394e-01	 3.333333e-01
774	 3.939394e-01	 3.636364e-01
775	 4.242424e-01	 3.636364e-01
776	 4.242424e-01	 4.545455e-01
777	 3.356853e-01	 3.333333e-01
778	 3.287983e-01	 3.388061e-01
779	 6.944899e-01	 7.538014e-01
780	 6.969697e-01	 8.181818e-01
781	 7.337244e-01	 7.584233e-01
782	 7.227812e-01	 7.833872e-01
783	 7.105130e-01	 7.818464e-01
784	 7.310290e-01	 7.537054e-01
785	 7.034406e-01	 7.694676e-01
786	 7.817120e-01	 7.514090e-01
787	 7.663604e-01	 7.514958e-01
788	 7.896908e-01	 7.314834e-01
789	 6.434113e-01	 8.191113e-01
790	 6.969697e-01	 8.787879e-01
791	 6.969697e-01	 8.484848e-01
792	 6.667788e-01	 8.261223e-01
793	 6.533614e-01	 8.220966e-01
794	 7.878788e-01	 8.787879e-01
795	 7.575758e-01	 8.787879e-01
796	 7.272727e-01	 8.484848e-01
797	 6.060606e-01	 9.393939e-01
798	 6.666667e-01	 9.090909e-01
799	 6.363636e-01	 9.090909e-01
800	 4.960754e-01	 8.597118e-01
801	 4.940655e-01	 8.678392e-01
802	 5.454545e-01	 5.151515e-01
803	 5.757576e-01	 7.272727e-01
804	 5.151515e-01	 7.878788e-01
805	 5.151515e-01	 7.575758e-01
806	 5.454545e-01	 7.575758e-01
807	 5.454545e-01	 7.878788e-01
808	 6.402303e-01	 7.814913e-01
809	 6.120274e-01	 8.061149e-01
810	 6.136541e-01	 7.954723e-01
811	 5.832571e-01	 8.228064e-01
812	 5.757576e-01	 8.198473e-01
813	 6.060606e-01	 6.363636e-01
814	 5.151515e-01	 6.969697e-01
815	 5.151515e-01	 6.666667e-01
816	 5.151515e-01	 6.363636e-01
817	 4.545455e-01	 7.878788e-01
818	 4.545455e-01	 7.575758e-01
819	 4.242424e-01	 7.878788e-01
820	 4.242424e-01	 7.575758e-01
821	 7.575758e-01	 6.060606e-01
822	 9.696970e-01	 6.666667e-01
823	 8.787879e-01	 6.969697e-01
824	 8.484848e-01	 7.272727e-01
825	 9.090909e-01	 4.242424e-01
826	 9.924091e-01	 6.060606e-01
827	 9.924091e-01	 5.757576e-01
828	 9.696970e-01	 5.757576e-01
829	 9.090909e-01	 6.666667e-01
830	 9.393939e-01	 6.666667e-01
831	 9.090909e-01	 6.363636e-01
832	 9.393939e-01	 6.363636e-01
833	 9.696970e-01	 6.363636e-01
834	 9.696970e-01	 6.060606e-01
835	 9.393939e-01	 4.242424e-01
836	 1.000000e+00	 4.242424e-01
837	 9.393939e-01	 2.727273e-01
838	 9.393939e-01	 3.030303e-01
839	 9.696970e-01	 2.727273e-01
840	 9.696970e-01	 3.030303e-01
841	 1.000000e+00	 3.939394e-01
842	 1.000000e+00	 3.636364e-01
843	 1.000000e+00	 3.333333e-01
844	 9.924091e-01	 3.333333e-01
845	 9.393939e-01	 3.636364e-01
846	 9.393939e-01	 3.939394e-01
847	 6.363636e-01	 2.424242e-01
848	 6.363636e-01	 2.121212e-01
849	 6.832369e-01	 2.425433e-01
850	 7.164695e-01	 2.275888e-01
851	 7.000000e-01	 2.350000e-01
852	 7.272727e-01	 3.007790e-01
853	 7.140110e-01	 3.101304e-01
854	 6.671990e-01	 3.497604e-01
855	 7.842370e-01	 4.303044e-01
856	 7.864261e-01	 4.545455e-01
857	 7.795273e-01	 4.636274e-01
858	 7.720116e-01	 4.266364e-01
859	 7.624504e-01	 4.585038e-01
860	 8.140685e-01	 3.636364e-01
861	 8.098959e-01	 3.685309e-01
862	 7.575758e-01	 3.636364e-01
863	 7.272727e-01	 3.636364e-01
864	 7.851560e-01	 3.611082e-01
865	 7.643170e-01	 3.703776e-01
866	 7.643153e-01	 3.895913e-01
867	 7.911340e-01	 3.629017e-01
868	 7.815728e-01	 3.947691e-01
869	 7.878788e-01	 2.723986e-01
870	 7.827550e-01	 3.256518e-01
871	 6.725262e-01	 3.615985e-01
872	 6.969697e-01	 3.608169e-01
873	 9.696970e-01	 1.212121e-01
874	 9.696970e-01	 6.060606e-02
875	 9.696970e-01	 9.090909e-02
876	 9.924091e-01	 2.121212e-01
877	 9.393939e-01	 1.515152e-01
878	 9.393939e-01	 1.818182e-01
879	 9.393939e-01	 2.424242e-01
880	 9.696970e-01	 2.424242e-01
881	 9.393939e-01	 2.121212e-01
882	 9.696970e-01	 2.121212e-01
883	 8.787879e-01	 1.818182e-01
884	 8.732998e-01	 1.763301e-01
885	 8.787879e-01	 1.515152e-01
886	 9.090909e-01	 1.818182e-01
887	 9.090909e-01	 1.515152e-01
888	 9.393939e-01	 -5.680711e-16
889	 9.393939e-01	 7.590909e-03
890	 9.090909e-01	 0.000000e+00
891	 9.090909e-01	 7.590909e-03
892	 8.787879e-01	 9.090909e-02
893	 9.090909e-01	 9.090909e-02
894	 9.090909e-01	 6.060606e-02
895	 7.878788e-01	 -3.388132e-21
896	 7.878788e-01	 6.060606e-02
897	 7.575758e-01	 6.060606e-02
898	 7.575758e-01	 3.030303e-02
899	 8.181818e-01	 6.060606e-02
900	 8.421360e-01	 2.966814e-01
901	 8.407315e-01	 2.967062e-01
902	 8.515951e-01	 1.657838e-01
903	 8.571655e-01	 1.508899e-01
904	 8.734179e-01	 1.569623e-01
905	 8.734189e-01	 1.568841e-01
906	 8.519688e-01	 1.666144e-01
907	 8.511924e-01	 1.659486e-01
908	 8.503058e-01	 1.656826e-01
909	 8.501323e-01	 1.662607e-01
910	 8.429382e-01	 1.826014e-01
911	 8.450404e-01	 1.832321e-01
912	 7.272727e-01	 1.818182e-01
913	 6.969697e-01	 1.818182e-01
914	 6.363636e-01	 1.818182e-01
915	 6.666667e-01	 1.818182e-01
916	 7.575758e-01	 1.515152e-01
917	 7.575758e-01	 1.212121e-01
918	 6.666667e-01	 6.060606e-02
919	 6.666667e-01	 9.090909e-02
920	 8.484848e-01	 3.030303e-01
921	 8.787879e-01	 3.030303e-01
922	 -3.388132e-21	 3.636364e-01
923	 7.590909e-03	 3.636364e-01
924	 -3.388132e-21	 3.939394e-01
925	 7.590909e-03	 3.939394e-01
926	 6.060606e-02	 9.696970e-01
927	 9.090909e-02	 9.696970e-01
928	 1.515152e-01	 9.696970e-01
929	 1.212121e-01	 9.696970e-01
930	 2.424242e-01	 1.000000e+00
931	 2.424242e-01	 9.924091e-01
932	 2.424242e-01	 9.696970e-01
933	 2.727273e-01	 9.924091e-01
934	 2.727273e-01	 9.696970e-01
935	 2.121212e-01	 9.696970e-01
936	 1.818182e-01	 9.696970e-01
937	 -3.388132e-21	 9.393939e-01
938	 7.590909e-03	 9.393939e-01
939	 0.000000e+00	 9.090909e-01
940	 7.590909e-03	 9.090909e-01
941	 6.060606e-02	 8.484848e-01
942	 9.090909e-02	 8.787879e-01
943	 9.090909e-02	 9.090909e-01
944	 6.060606e-02	 9.090909e-01
945	 6.060606e-02	 8.787879e-01
946	 -3.388132e-21	 7.272727e-01
947	 -3.388132e-21	 7.575758e-01
948	 7.590909e-03	 7.575758e-01
949	 7.590909e-03	 7.272727e-01
950	 3.030303e-02	 7.272727e-01
951	 7.590909e-03	 6.969697e-01
952	 3.030303e-02	 6.969697e-01
953	 1.520847e-01	 8.547236e-01
954	 1.571854e-01	 8.640856e-01
955	 1.593526e-01	 8.414028e-01
956	 1.489488e-01	 8.974970e-01
957	 1.507684e-01	 8.787879e-01
958	 1.528062e-01	 8.771960e-01
959	 1.581934e-01	 9.030433e-01
960	 1.681703e-01	 8.864137e-01
961	 1.890535e-01	 8.807980e-01
962	 2.159294e-01	 8.503266e-01
963	 2.121212e-01	 7.575758e-01
964	 2.165761e-01	 7.620306e-01
965	 2.376343e-01	 7.565093e-01
966	 2.424293e-01	 7.272727e-01
967	 2.121212e-01	 7.272727e-01
968	 3.030303e-01	 8.484848e-01
969	 3.333333e-01	 7.272727e-01
970	 3.333333e-01	 7.575758e-01
971	 3.636364e-01	 7.575758e-01
972	 3.636364e-01	 7.272727e-01
973	 3.930825e-01	 9.853787e-01
974	 3.468905e-01	 9.573253e-01
975	 3.502159e-01	 9.583367e-01
976	 3.297967e-01	 9.425058e-01
977	 3.030303e-01	 9.408222e-01
978	 2.988938e-01	 9.356348e-01
979	 3.065032e-01	 9.216881e-01
980	 6.060606e-02	 6.363636e-01
981	 9.090909e-02	 4.545455e-01
982	 9.090909e-02	 5.454545e-01
983	 6.060606e-02	 5.454545e-01
984	 1.232120e-01	 6.343638e-01
985	 1.309321e-01	 6.194067e-01
986	 1.212121e-01	 6.969697e-01
987	 1.212121e-01	 6.363636e-01
988	 9.090909e-02	 6.363636e-01
989	 9.090909e-02	 6.666667e-01
990	 1.212121e-01	 6.666667e-01
991	 1.848299e-01	 6.060606e-01
992	 1.766045e-01	 6.191171e-01
993	 1.794751e-01	 5.905856e-01
994	 2.424242e-01	 5.454545e-01
995	 2.727273e-01	 5.454545e-01
996	 2.727273e-01	 5.757576e-01
997	 2.424242e-01	 5.757576e-01
998	 3.002678e-01	 6.823219e-01
999	 3.047024e-01	 6.969697e-01
1000	 2.933812e-01	 7.154451e-01
1001	 2.931703e-01	 6.780637e-01
1002	 2.767350e-01	 7.054581e-01
1003	 2.146702e-01	 4.985595e-01
1004	 1.905827e-01	 5.223705e-01
1005	 2.210526e-01	 5.021053e-01
1006	 2.052632e-01	 5.305263e-01
1007	 1.212121e-01	 4.848485e-01
1008	 1.212121e-01	 5.151515e-01
1009	 1.515152e-01	 5.151515e-01
1010	 6.060606e-02	 4.313280e-01
1011	 3.030303e-02	 4.266083e-01
1012	 4.393084e-02	 4.286238e-01
1013	 6.060606e-02	 4.545455e-01
1014	 3.030303e-02	 4.545455e-01
1015	 6.574840e-02	 4.235713e-01
1016	 6.237450e-02	 4.038597e-01
1017	 5.000000e-02	 4.160000e-01
1018	 5.706413e-02	 4.013066e-01
1019	 2.513301e-01	 4.028453e-01
1020	 2.424242e-01	 3.939394e-01
1021	 2.757562e-01	 3.837242e-01
1022	 1.515152e-01	 3.030303e-01
1023	 2.121212e-01	 3.939394e-01
1024	 2.121212e-01	 3.636364e-01
1025	 3.030303e-02	 2.121212e-01
1026	 8.414405e-02	 2.422205e-01
1027	 6.060606e-02	 2.419822e-01
1028	 5.285310e-02	 2.498080e-01
1029	 8.831522e-02	 2.481793e-01
1030	 -3.388132e-21	 2.727273e-01
1031	 7.590909e-03	 2.727273e-01
1032	 0.000000e+00	 3.030303e-01
1033	 7.590909e-03	 3.030303e-01
1034	 3.664679e-02	 2.966865e-01
1035	 3.321604e-02	 2.867488e-01
1036	 5.547053e-02	 2.978948e-01
1037	 3.030303e-02	 1.212121e-01
1038	 2.121212e-01	 2.727273e-01
1039	 1.818182e-01	 2.727273e-01
1040	 2.727273e-01	 2.121212e-01
1041	 2.424242e-01	 2.121212e-01
1042	 2.727273e-01	 -5.680711e-16
1043	 3.030303e-01	 0.000000e+00
1044	 2.424242e-01	 7.590909e-03
1045	 2.424242e-01	 3.388132e-21
1046	 4.586699e-01	 9.481660e-02
1047	 4.551622e-01	 1.212121e-01
1048	 4.447813e-01	 1.417510e-01
1049	 4.539903e-01	 1.178800e-01
1050	 4.430563e-01	 1.419318e-01
1051	 4.263158e-01	 1.326316e-01
1052	 4.848485e-01	 2.121212e-01
1053	 5.454545e-01	 2.121212e-01
1054	 5.151515e-01	 1.818182e-01
1055	 5.151515e-01	 2.121212e-01
1056	 5.757576e-01	 9.090909e-02
1057	 5.454545e-01	 1.818182e-01
1058	 5.454545e-01	 1.515152e-01
1059	 5.757576e-01	 1.818182e-01
1060	 4.545455e-01	 5.890753e-02
1061	 4.242424e-01	 6.060606e-02
1062	 4.330569e-01	 6.942057e-02
1063	 4.545455e-01	 3.030303e-02
1064	 5.454545e-01	 6.060606e-02
1065	 5.454545e-01	 9.090909e-02
1066	 5.151515e-01	 9.090909e-02
1067	 5.151515e-01	 6.060606e-02
1068	 4.545455e-01	 7.590909e-03
1069	 4.545455e-01	 -5.680169e-16
1070	 5.454545e-01	 3.030303e-02
1071	 5.757576e-01	 3.030303e-02
1072	 6.060606e-01	 7.590909e-03
1073	 6.060606e-01	 3.388132e-21
1074	 3.631579e-01	 2.463158e-01
1075	 3.595015e-01	 2.988954e-01
1076	 3.589854e-01	 2.811907e-01
1077	 3.365081e-01	 3.058963e-01
1078	 4.242424e-01	 3.030303e-01
1079	 4.242424e-01	 3.333333e-01
1080	 4.545455e-01	 3.333333e-01
1081	 4.545455e-01	 3.030303e-01
1082	 4.242424e-01	 2.727273e-01
1083	 4.545455e-01	 2.727273e-01
1084	 4.242424e-01	 2.424242e-01
1085	 4.545455e-01	 2.424242e-01
1086	 3.969119e-01	 1.534891e-01
1087	 3.857683e-01	 1.844912e-01
1088	 4.105263e-01	 1.610526e-01
1089	 3.947368e-01	 1.894737e-01
1090	 3.939394e-01	 9.090909e-02
1091	 3.333333e-01	 7.590909e-03
1092	 3.333333e-01	 3.030303e-02
1093	 3.030303e-01	 7.590909e-03
1094	 3.030303e-01	 3.030303e-02
1095	 3.634212e-01	 2.121212e-01
1096	 3.569048e-01	 2.428418e-01
1097	 3.376147e-01	 2.467056e-01
1098	 3.059231e-01	 3.260976e-01
1099	 3.157895e-01	 3.315789e-01
1100	 3.000000e-01	 3.600000e-01
1101	 2.727273e-01	 3.333333e-01
1102	 2.730400e-01	 3.636364e-01
1103	 2.828552e-01	 3.504751e-01
1104	 2.824456e-01	 3.430517e-01
1105	 2.424242e-01	 3.333333e-01
1106	 2.424242e-01	 3.636364e-01
1107	 5.151515e-01	 8.517530e-01
1108	 5.248547e-01	 8.546813e-01
1109	 5.454545e-01	 8.181818e-01
1110	 5.530210e-01	 8.369325e-01
1111	 5.549087e-01	 8.276360e-01
1112	 5.151515e-01	 8.181818e-01
1113	 4.423472e-01	 9.114132e-01
1114	 4.242424e-01	 9.064849e-01
1115	 4.609839e-01	 8.852263e-01
1116	 4.173674e-01	 9.581249e-01
1117	 9.090909e-01	 9.393939e-01
1118	 8.787879e-01	 9.393939e-01
1119	 8.787879e-01	 9.696970e-01
1120	 9.090909e-01	 9.696970e-01
1121	 8.003265e-01	 8.912356e-01
1122	 8.181818e-01	 8.815711e-01
1123	 8.181818e-01	 9.393939e-01
1124	 8.484848e-01	 9.393939e-01
1125	 8.787879e-01	 7.878788e-01
1126	 1.000000e+00	 7.575758e-01
1127	 9.924091e-01	 7.272727e-01
1128	 1.000000e+00	 7.272727e-01
1129	 1.000000e+00	 7.878788e-01
1130	 9.696970e-01	 7.878788e-01
1131	 9.924091e-01	 7.575758e-01
1132	 9.924091e-01	 7.878788e-01
1133	 8.484848e-01	 9.084211e-01
1134	 8.460175e-01	 9.073237e-01
1135	 8.553990e-01	 8.553990e-01
1136	 9.696970e-01	 8.484848e-01
1137	 9.727263e-01	 8.181818e-01
1138	 8.787879e-01	 9.090909e-01
1139	 9.090909e-01	 8.787879e-01
1140	 8.702791e-01	 9.005822e-01
1141	 8.719139e-01	 8.908496e-01
1142	 9.090909e-01	 9.090909e-01
1143	 9.696970e-01	 9.393939e-01
1144	 9.393939e-01	 9.090909e-01
1145	 9.393939e-01	 8.787879e-01
1146	 9.696970e-01	 8.787879e-01
1147	 9.696970e-01	 9.090909e-01
1148	 7.575758e-01	 9.745978e-01
1149	 7.566866e-01	 9.360996e-01
1150	 7.575758e-01	 9.090909e-01
1151	 7.656171e-01	 9.171322e-01
1152	 7.272727e-01	 9.393939e-01
1153	 7.272727e-01	 9.090909e-01
1154	 3.636364e-01	 3.939394e-01
1155	 3.636364e-01	 4.242424e-01
1156	 3.939394e-01	 4.242424e-01
1157	 3.939394e-01	 3.939394e-01
1158	 3.665588e-01	 5.358191e-01
1159	 3.647927e-01	 5.151515e-01
1160	 3.716053e-01	 5.064351e-01
1161	 3.753470e-01	 5.410916e-01
1162	 3.896457e-01	 5.172585e-01
1163	 4.242391e-01	 4.848518e-01
1164	 4.107227e-01	 4.821275e-01
1165	 4.191618e-01	 5.100709e-01
1166	 4.171972e-01	 5.103175e-01
1167	 4.000000e-01	 5.000000e-01
1168	 4.545455e-01	 3.636364e-01
1169	 4.848485e-01	 4.545455e-01
1170	 4.545455e-01	 4.545455e-01
1171	 4.545455e-01	 3.939394e-01
1172	 4.545455e-01	 4.242424e-01
1173	 4.242424e-01	 3.939394e-01
1174	 4.242424e-01	 4.242424e-01
1175	 6.782766e-01	 7.719250e-01
1176	 6.692289e-01	 7.692104e-01
1177	 7.530793e-01	 7.282499e-01
1178	 7.664309e-01	 7.058248e-01
1179	 7.750713e-01	 7.058950e-01
1180	 7.586174e-01	 7.379433e-01
1181	 7.848264e-01	 7.229692e-01
1182	 6.444087e-01	 8.125105e-01
1183	 6.403960e-01	 8.054871e-01
1184	 6.666667e-01	 8.484848e-01
1185	 6.363636e-01	 8.507745e-01
1186	 6.666667e-01	 8.787879e-01
1187	 6.363636e-01	 8.787879e-01
1188	 6.824341e-01	 8.093072e-01
1189	 6.925140e-01	 7.976260e-01
1190	 7.272727e-01	 7.878788e-01
1191	 7.575758e-01	 7.878788e-01
1192	 7.272727e-01	 8.181818e-01
1193	 7.575758e-01	 8.181818e-01
1194	 7.878788e-01	 8.181818e-01
1195	 7.878788e-01	 8.484848e-01
1196	 7.575758e-01	 8.484848e-01
1197	 5.678273e-01	 8.708576e-01
1198	 5.454545e-01	 8.798797e-01
1199	 5.095061e-01	 8.948648e-01
1200	 5.369736e-01	 8.758928e-01
1201	 5.032192e-01	 8.838608e-01
1202	 5.320989e-01	 8.673608e-01
1203	 6.363636e-01	 5.151515e-01
1204	 6.363636e-01	 5.454545e-01
1205	 6.363636e-01	 6.969697e-01
1206	 6.363636e-01	 7.272727e-01
1207	 6.060606e-01	 7.272727e-01
1208	 6.060606e-01	 6.969697e-01
1209	 6.376636e-01	 7.839425e-01
1210	 6.379457e-01	 7.836819e-01
1211	 6.060606e-01	 7.878788e-01
1212	 6.060606e-01	 7.575758e-01
1213	 5.757576e-01	 7.575758e-01
1214	 5.757576e-01	 7.878788e-01
1215	 5.454545e-01	 6.363636e-01
1216	 5.757576e-01	 6.363636e-01
1217	 6.363636e-01	 6.060606e-01
1218	 6.363636e-01	 5.757576e-01
1219	 5.757576e-01	 6.666667e-01
1220	 5.757576e-01	 6.969697e-01
1221	 5.454545e-01	 6.969697e-01
1222	 5.454545e-01	 6.666667e-01
1223	 4.545455e-01	 5.757576e-01
1224	 8.484848e-01	 6.969697e-01
1225	 8.484848e-01	 4.545455e-01
1226	 7.575758e-01	 5.757576e-01
1227	 7.519756e-01	 5.701574e-01
1228	 7.495132e-01	 5.588302e-01
1229	 7.583127e-01	 5.454545e-01
1230	 7.878788e-01	 5.454545e-01
1231	 9.696970e-01	 6.969697e-01
1232	 8.076037e-01	 7.276088e-01
1233	 8.181818e-01	 7.275386e-01
1234	 8.184395e-01	 7.272727e-01
1235	 8.178814e-01	 7.040838e-01
1236	 8.000000e-01	 7.143000e-01
1237	 9.393939e-01	 4.848485e-01
1238	 9.393939e-01	 4.545455e-01
1239	 9.090909e-01	 5.454545e-01
1240	 8.787879e-01	 5.454545e-01
1241	 8.787879e-01	 5.757576e-01
1242	 9.924091e-01	 4.545455e-01
1243	 9.696970e-01	 4.545455e-01
1244	 9.696970e-01	 4.242424e-01
1245	 9.924091e-01	 4.242424e-01
1246	 6.830687e-01	 2.424242e-01
1247	 6.945764e-01	 2.229475e-01
1248	 6.969697e-01	 2.121212e-01
1249	 6.975926e-01	 2.127441e-01
1250	 6.666667e-01	 2.424242e-01
1251	 6.666667e-01	 2.121212e-01
1252	 6.969697e-01	 2.524731e-01
1253	 7.052146e-01	 2.465881e-01
1254	 7.221200e-01	 2.401454e-01
1255	 7.272727e-01	 2.427116e-01
1256	 6.969697e-01	 2.727273e-01
1257	 7.272727e-01	 2.727273e-01
1258	 7.023285e-01	 3.559976e-01
1259	 7.181104e-01	 3.544740e-01
1260	 7.262949e-01	 3.374280e-01
1261	 6.940787e-01	 3.376646e-01
1262	 7.209583e-01	 3.255688e-01
1263	 7.856997e-01	 2.742228e-01
1264	 7.667949e-01	 2.819464e-01
1265	 7.811575e-01	 3.240937e-01
1266	 7.821962e-01	 3.179965e-01
1267	 7.550435e-01	 3.294854e-01
1268	 7.575758e-01	 3.306559e-01
1269	 6.969697e-01	 4.242424e-01
1270	 6.969697e-01	 3.939394e-01
1271	 6.201928e-01	 3.880245e-01
1272	 6.137894e-01	 3.737948e-01
1273	 6.403194e-01	 3.618563e-01
1274	 1.000000e+00	 6.060606e-02
1275	 9.924091e-01	 6.060606e-02
1276	 9.696970e-01	 1.515152e-01
1277	 9.696970e-01	 1.818182e-01
1278	 7.878788e-01	 3.030303e-02
1279	 7.878788e-01	 7.590909e-03
1280	 8.181818e-01	 3.030303e-02
1281	 8.181818e-01	 7.590909e-03
1282	 8.181818e-01	 -5.679593e-16
1283	 8.787879e-01	 6.060606e-02
1284	 8.484848e-01	 6.060606e-02
1285	 8.698855e-01	 2.513266e-01
1286	 8.447322e-01	 2.448872e-01
1287	 8.470684e-01	 2.438694e-01
1288	 8.310577e-01	 2.636042e-01
1289	 8.280092e-01	 2.684343e-01
1290	 8.313628e-01	 2.758868e-01
1291	 8.460507e-01	 1.644060e-01
1292	 7.272727e-01	 1.515152e-01
1293	 7.272727e-01	 1.212121e-01
1294	 6.969697e-01	 6.060606e-02
1295	 7.272727e-01	 6.060606e-02
1296	 7.272727e-01	 9.090909e-02
1297	 6.969697e-01	 9.090909e-02
1298	 8.484848e-01	 3.636364e-01
1299	 8.787879e-01	 3.636364e-01
1300	 8.787879e-01	 3.333333e-01
1301	 8.484848e-01	 3.333333e-01
1302	 6.060606e-02	 1.000000e+00
1303	 6.060606e-02	 9.924091e-01
1304	 9.090909e-02	 9.924091e-01
1305	 9.090909e-02	 1.000000e+00
1306	 2.121212e-01	 1.000000e+00
1307	 2.121212e-01	 9.924091e-01
1308	 1.818182e-01	 1.000000e+00
1309	 1.818182e-01	 9.924091e-01
1310	 3.030303e-02	 8.484848e-01
1311	 3.030303e-02	 8.787879e-01
1312	 1.601917e-01	 8.634822e-01
1313	 1.761750e-01	 8.730715e-01
1314	 2.002295e-01	 8.791020e-01
1315	 1.923504e-01	 8.782308e-01
1316	 2.067030e-01	 8.672372e-01
1317	 2.139902e-01	 8.486097e-01
1318	 2.126909e-01	 8.439952e-01
1319	 1.618147e-01	 8.627959e-01
1320	 1.702445e-01	 8.473454e-01
1321	 3.634546e-01	 9.815083e-01
1322	 3.557895e-01	 9.680922e-01
1323	 3.428947e-01	 9.184992e-01
1324	 3.332059e-01	 9.362572e-01
1325	 3.526093e-01	 9.468436e-01
1326	 3.939394e-01	 8.787879e-01
1327	 3.119276e-01	 9.117459e-01
1328	 3.333333e-01	 9.106755e-01
1329	 3.030303e-01	 8.787879e-01
1330	 2.931377e-01	 8.886805e-01
1331	 3.333333e-01	 8.484848e-01
1332	 3.636364e-01	 8.484848e-01
1333	 3.636364e-01	 8.787879e-01
1334	 3.333333e-01	 8.787879e-01
1335	 6.060606e-02	 5.757576e-01
1336	 9.090909e-02	 5.757576e-01
1337	 9.090909e-02	 6.060606e-01
1338	 6.060606e-02	 6.060606e-01
1339	 9.090909e-02	 4.848485e-01
1340	 6.060606e-02	 4.848485e-01
1341	 6.060606e-02	 5.151515e-01
1342	 9.090909e-02	 5.151515e-01
1343	 1.818182e-01	 7.272727e-01
1344	 1.515152e-01	 7.272727e-01
1345	 2.121212e-01	 6.969697e-01
1346	 1.760592e-01	 6.306047e-01
1347	 1.818182e-01	 6.363636e-01
1348	 2.424242e-01	 6.363636e-01
1349	 2.424242e-01	 6.666667e-01
1350	 2.121212e-01	 6.666667e-01
1351	 2.121212e-01	 6.363636e-01
1352	 1.574667e-01	 5.783587e-01
1353	 1.483926e-01	 6.034439e-01
1354	 1.736842e-01	 5.873684e-01
1355	 1.608947e-01	 6.103895e-01
1356	 1.515152e-01	 4.848485e-01
1357	 1.818182e-01	 4.848485e-01
1358	 2.121212e-01	 4.545455e-01
1359	 1.818182e-01	 4.545455e-01
1360	 2.121212e-01	 4.242424e-01
1361	 1.818182e-01	 4.242424e-01
1362	 1.515152e-01	 3.333333e-01
1363	 2.121212e-01	 3.333333e-01
1364	 2.121212e-01	 3.030303e-01
1365	 1.818182e-01	 3.030303e-01
1366	 1.818182e-01	 3.333333e-01
1367	 0.000000e+00	 1.515152e-01
1368	 0.000000e+00	 2.121212e-01
1369	 7.590909e-03	 2.121212e-01
1370	 -3.388132e-21	 1.818182e-01
1371	 5.938208e-02	 2.884030e-01
1372	 6.880041e-02	 2.725899e-01
1373	 5.000000e-02	 2.750000e-01
1374	 6.375000e-02	 2.653750e-01
1375	 1.429427e-01	 1.825828e-01
1376	 1.356474e-01	 1.894417e-01
1377	 1.293452e-01	 1.899512e-01
1378	 7.590909e-03	 1.212121e-01
1379	 -3.388132e-21	 1.212121e-01
1380	 7.590909e-03	 9.090909e-02
1381	 0.000000e+00	 9.090909e-02
1382	 2.121212e-01	 2.121212e-01
1383	 2.002309e-01	 2.002309e-01
1384	 1.818182e-01	 2.101767e-01
1385	 1.834922e-01	 2.085417e-01
1386	 2.121212e-01	 2.424242e-01
1387	 1.818182e-01	 2.424242e-01
1388	 1.761247e-01	 2.104526e-01
1389	 1.649717e-01	 1.945198e-01
1390	 1.560093e-01	 2.226556e-01
1391	 2.121212e-01	 4.726320e-02
1392	 2.246781e-01	 5.266955e-02
1393	 2.069761e-01	 5.613850e-02
1394	 1.865242e-01	 9.841194e-02
1395	 1.728071e-01	 1.265546e-01
1396	 2.380305e-01	 7.106851e-02
1397	 2.200000e-01	 6.240000e-02
1398	 2.424242e-01	 5.989787e-02
1399	 2.427027e-01	 6.060606e-02
1400	 2.727273e-01	 3.030303e-02
1401	 2.424242e-01	 3.030303e-02
1402	 1.708141e-01	 1.904301e-01
1403	 3.030303e-01	 1.515152e-01
1404	 3.030303e-01	 1.818182e-01
1405	 1.818182e-01	 7.590909e-03
1406	 1.818182e-01	 -5.680711e-16
1407	 2.121212e-01	 7.590909e-03
1408	 2.121212e-01	 0.000000e+00
1409	 1.515152e-01	 7.590909e-03
1410	 1.515152e-01	 0.000000e+00
1411	 1.212121e-01	 6.060606e-02
1412	 9.090909e-02	 6.060606e-02
1413	 9.090909e-02	 3.030303e-02
1414	 1.212121e-01	 3.030303e-02
1415	 4.263455e-01	 1.025218e-01
1416	 4.245643e-01	 9.090909e-02
1417	 4.322837e-01	 8.015759e-02
1418	 4.391053e-01	 1.096105e-01
1419	 4.500000e-01	 9.000000e-02
1420	 6.060606e-01	 2.424242e-01
1421	 6.060606e-01	 2.121212e-01
1422	 5.757576e-01	 2.121212e-01
1423	 5.757576e-01	 2.424242e-01
1424	 5.757576e-01	 2.727273e-01
1425	 5.454545e-01	 2.727273e-01
1426	 5.454545e-01	 2.424242e-01
1427	 4.848485e-01	 2.727273e-01
1428	 5.151515e-01	 2.727273e-01
1429	 5.151515e-01	 2.424242e-01
1430	 4.848485e-01	 2.424242e-01
1431	 6.363636e-01	 1.515152e-01
1432	 6.060606e-01	 6.060606e-02
1433	 6.363636e-01	 6.060606e-02
1434	 4.242424e-01	 0.000000e+00
1435	 4.242424e-01	 3.030303e-02
1436	 4.242424e-01	 7.590909e-03
1437	 4.848485e-01	 3.388132e-21
1438	 4.848485e-01	 7.590909e-03
1439	 5.757576e-01	 -5.679593e-16
1440	 5.757576e-01	 7.590909e-03
1441	 3.359270e-01	 2.683805e-01
1442	 3.137062e-01	 2.834031e-01
1443	 3.135182e-01	 2.931242e-01
1444	 3.473684e-01	 2.747368e-01
1445	 3.315789e-01	 3.031579e-01
1446	 2.727273e-01	 6.060606e-02
1447	 3.030303e-01	 9.090909e-02
1448	 3.030303e-01	 6.060606e-02
1449	 3.333333e-01	 1.515152e-01
1450	 3.939394e-01	 1.212121e-01
1451	 4.018230e-01	 1.290958e-01
1452	 3.959176e-01	 1.515152e-01
1453	 3.636364e-01	 1.515152e-01
1454	 3.636364e-01	 6.060606e-02
1455	 3.333333e-01	 6.060606e-02
1456	 3.333333e-01	 2.424242e-01
1457	 3.030303e-01	 2.121212e-01
1458	 3.030303e-01	 2.424242e-01
1459	 3.333333e-01	 2.121212e-01
1460	 4.223920e-01	 9.435339e-01
1461	 4.545455e-01	 9.344275e-01
1462	 4.550878e-01	 9.337130e-01
1463	 4.454596e-01	 9.168608e-01
1464	 4.082103e-01	 9.576518e-01
1465	 4.000000e-01	 9.727000e-01
1466	 4.078276e-01	 9.180418e-01
1467	 4.165798e-01	 9.333607e-01
1468	 4.242424e-01	 8.181818e-01
1469	 3.939394e-01	 8.181818e-01
1470	 3.939394e-01	 8.484848e-01
1471	 4.545455e-01	 8.787879e-01
1472	 4.242424e-01	 8.484848e-01
1473	 4.545455e-01	 8.484848e-01
1474	 4.242424e-01	 8.787879e-01
1475	 9.393939e-01	 7.878788e-01
1476	 9.090909e-01	 7.878788e-01
1477	 9.090909e-01	 7.575758e-01
1478	 8.787879e-01	 7.272727e-01
1479	 8.787879e-01	 7.575758e-01
1480	 8.789925e-01	 8.478529e-01
1481	 8.885883e-01	 8.279822e-01
1482	 9.013483e-01	 8.263885e-01
1483	 8.541574e-01	 8.658228e-01
1484	 8.294047e-01	 8.839089e-01
1485	 8.625000e-01	 8.775812e-01
1486	 8.375000e-01	 8.953187e-01
1487	 9.924091e-01	 8.181818e-01
1488	 1.000000e+00	 8.181818e-01
1489	 9.467955e-01	 8.417082e-01
1490	 9.603775e-01	 8.391653e-01
1491	 9.626283e-01	 8.332989e-01
1492	 9.439851e-01	 7.924699e-01
1493	 9.647752e-01	 7.928006e-01
1494	 9.678577e-01	 8.028300e-01
1495	 1.000000e+00	 8.484848e-01
1496	 9.924091e-01	 8.484848e-01
1497	 1.000000e+00	 9.393939e-01
1498	 9.924091e-01	 9.393939e-01
1499	 7.808635e-01	 9.626816e-01
1500	 7.601866e-01	 9.717574e-01
1501	 7.753413e-01	 9.623924e-01
1502	 7.645000e-01	 9.471123e-01
1503	 7.272727e-01	 9.700988e-01
1504	 7.313011e-01	 9.706669e-01
1505	 7.269786e-01	 9.696970e-01
1506	 7.313077e-01	 9.434289e-01
1507	 7.395209e-01	 9.426303e-01
1508	 7.500000e-01	 9.574000e-01
1509	 5.454545e-01	 3.030303e-01
1510	 4.848485e-01	 4.242424e-01
1511	 4.848485e-01	 3.939394e-01
1512	 6.449738e-01	 8.500524e-01
1513	 6.666365e-01	 8.484546e-01
1514	 6.658912e-01	 8.380678e-01
1515	 6.500000e-01	 8.333000e-01
1516	 6.871222e-01	 8.083343e-01
1517	 6.860219e-01	 8.084694e-01
1518	 6.782767e-01	 7.727065e-01
1519	 6.830743e-01	 7.811036e-01
1520	 5.757576e-01	 8.787879e-01
1521	 6.060606e-01	 9.090909e-01
1522	 6.060606e-01	 8.787879e-01
1523	 5.757576e-01	 9.090909e-01
1524	 5.454545e-01	 9.393939e-01
1525	 5.757576e-01	 9.393939e-01
1526	 5.454545e-01	 9.090909e-01
1527	 5.757576e-01	 5.151515e-01
1528	 6.060606e-01	 5.151515e-01
1529	 6.060606e-01	 5.454545e-01
1530	 5.757576e-01	 5.454545e-01
1531	 6.476160e-01	 8.013621e-01
1532	 6.060606e-01	 5.757576e-01
1533	 6.060606e-01	 6.060606e-01
1534	 4.848485e-01	 6.363636e-01
1535	 4.545455e-01	 6.363636e-01
1536	 4.545455e-01	 6.060606e-01
1537	 4.848485e-01	 6.060606e-01
1538	 5.151515e-01	 6.060606e-01
1539	 4.848485e-01	 5.757576e-01
1540	 8.787879e-01	 6.060606e-01
1541	 8.484848e-01	 6.060606e-01
1542	 8.181818e-01	 6.969697e-01
1543	 8.177782e-01	 6.973733e-01
1544	 7.901514e-01	 6.970621e-01
1545	 7.878788e-01	 6.966693e-01
1546	 7.878788e-01	 4.848485e-01
1547	 8.181818e-01	 4.848485e-01
1548	 7.878788e-01	 5.151515e-01
1549	 8.181818e-01	 5.151515e-01
1550	 8.484848e-01	 5.454545e-01
1551	 8.181818e-01	 5.454545e-01
1552	 8.484848e-01	 5.151515e-01
1553	 8.484848e-01	 4.848485e-01
1554	 7.878788e-01	 6.060606e-01
1555	 8.181818e-01	 6.060606e-01
1556	 8.181818e-01	 5.757576e-01
1557	 7.878788e-01	 5.757576e-01
1558	 9.393939e-01	 7.575758e-01
1559	 9.696970e-01	 7.575758e-01
1560	 9.696970e-01	 7.272727e-01
1561	 9.090909e-01	 7.272727e-01
1562	 9.393939e-01	 7.272727e-01
1563	 9.090909e-01	 6.969697e-01
1564	 9.393939e-01	 6.969697e-01
1565	 9.393939e-01	 6.060606e-01
1566	 9.393939e-01	 5.757576e-01
1567	 9.090909e-01	 5.757576e-01
1568	 9.090909e-01	 6.060606e-01
1569	 9.924091e-01	 3.939394e-01
1570	 9.696970e-01	 3.939394e-01
1571	 9.924091e-01	 3.636364e-01
1572	 9.696970e-01	 3.636364e-01
1573	 8.136910e-01	 2.583937e-01
1574	 8.217630e-01	 2.608155e-01
1575	 8.027944e-01	 2.725021e-01
1576	 7.440658e-01	 3.050905e-01
1577	 7.665794e-01	 2.832924e-01
1578	 7.478379e-01	 3.134730e-01
1579	 7.747175e-01	 3.013771e-01
1580	 8.201186e-01	 3.108101e-01
1581	 8.176499e-01	 3.333333e-01
1582	 8.151853e-01	 3.353819e-01
1583	 8.006951e-01	 3.310344e-01
1584	 7.940120e-01	 2.926946e-01
1585	 6.363636e-01	 4.242424e-01
1586	 6.666667e-01	 4.242424e-01
1587	 9.924091e-01	 1.212121e-01
1588	 1.000000e+00	 1.212121e-01
1589	 9.924091e-01	 9.090909e-02
1590	 1.000000e+00	 9.090909e-02
1591	 1.000000e+00	 1.515152e-01
1592	 9.924091e-01	 1.515152e-01
1593	 1.000000e+00	 1.818182e-01
1594	 9.924091e-01	 1.818182e-01
1595	 8.787879e-01	 3.030303e-02
1596	 8.484848e-01	 3.030303e-02
1597	 8.468624e-01	 2.848192e-01
1598	 8.471435e-01	 1.653639e-01
1599	 8.478509e-01	 1.694662e-01
1600	 8.453410e-01	 1.638885e-01
1601	 8.358587e-01	 1.542994e-01
1602	 8.257836e-01	 1.584364e-01
1603	 8.474772e-01	 1.686356e-01
1604	 8.332535e-01	 1.750362e-01
1605	 8.533953e-01	 1.708440e-01
1606	 8.523025e-01	 1.698861e-01
1607	 6.666667e-01	 1.515152e-01
1608	 6.666667e-01	 1.212121e-01
1609	 6.969697e-01	 1.212121e-01
1610	 6.969697e-01	 1.515152e-01
1611	 1.212121e-01	 1.000000e+00
1612	 1.212121e-01	 9.924091e-01
1613	 1.515152e-01	 1.000000e+00
1614	 1.515152e-01	 9.924091e-01
1615	 -3.388132e-21	 8.484848e-01
1616	 7.590909e-03	 8.484848e-01
1617	 -3.388132e-21	 8.787879e-01
1618	 7.590909e-03	 8.787879e-01
1619	 1.914521e-01	 8.749270e-01
1620	 1.922478e-01	 8.778535e-01
1621	 2.000273e-01	 8.635949e-01
1622	 1.793935e-01	 8.305767e-01
1623	 1.784787e-01	 8.241519e-01
1624	 1.790012e-01	 8.237830e-01
1625	 1.986671e-01	 8.355816e-01
1626	 1.515152e-01	 4.545455e-01
1627	 1.212121e-01	 4.545455e-01
1628	 1.515152e-01	 4.242424e-01
1629	 9.090909e-02	 3.939394e-01
1630	 1.212121e-01	 4.242424e-01
1631	 9.090909e-02	 4.242424e-01
1632	 1.212121e-01	 3.939394e-01
1633	 1.603356e-01	 6.357420e-01
1634	 1.407852e-01	 6.465866e-01
1635	 1.515152e-01	 6.544199e-01
1636	 1.500000e-01	 6.300000e-01
1637	 1.818182e-01	 6.969697e-01
1638	 1.515152e-01	 6.969697e-01
1639	 1.515152e-01	 6.666667e-01
1640	 1.818182e-01	 6.666667e-01
1641	 1.818182e-01	 3.939394e-01
1642	 1.515152e-01	 3.939394e-01
1643	 1.515152e-01	 3.636364e-01
1644	 1.818182e-01	 3.636364e-01
1645	 3.030303e-02	 1.818182e-01
1646	 7.590909e-03	 1.818182e-01
1647	 3.030303e-02	 1.515152e-01
1648	 7.590909e-03	 1.515152e-01
1649	 1.435475e-01	 1.819976e-01
1650	 1.432729e-01	 1.822689e-01
1651	 1.751995e-01	 2.105076e-01
1652	 1.756960e-01	 2.104740e-01
1653	 1.643249e-01	 1.949725e-01
1654	 1.646739e-01	 1.947283e-01
1655	 1.616117e-01	 2.114941e-01
1656	 2.347476e-01	 8.323249e-02
1657	 2.727273e-01	 1.212121e-01
1658	 2.424242e-01	 9.090909e-02
1659	 2.727273e-01	 9.090909e-02
1660	 2.424242e-01	 1.818182e-01
1661	 2.727273e-01	 1.515152e-01
1662	 2.727273e-01	 1.818182e-01
1663	 2.012207e-01	 1.954590e-01
1664	 1.212121e-01	 7.590909e-03
1665	 1.212121e-01	 3.388132e-21
1666	 9.090909e-02	 7.590909e-03
1667	 9.090909e-02	 -5.680440e-16
1668	 5.757576e-01	 1.212121e-01
1669	 5.757576e-01	 1.515152e-01
1670	 6.060606e-01	 1.515152e-01
1671	 6.060606e-01	 1.212121e-01
1672	 6.363636e-01	 1.212121e-01
1673	 6.363636e-01	 9.090909e-02
1674	 6.060606e-01	 9.090909e-02
1675	 3.939394e-01	 3.030303e-02
1676	 3.636364e-01	 3.030303e-02
1677	 5.454545e-01	 3.388132e-21
1678	 5.454545e-01	 7.590909e-03
1679	 5.151515e-01	 -5.680711e-16
1680	 5.151515e-01	 7.590909e-03
1681	 3.636364e-01	 1.212121e-01
1682	 3.333333e-01	 1.212121e-01
1683	 3.333333e-01	 9.090909e-02
1684	 3.636364e-01	 9.090909e-02
1685	 3.939394e-01	 9.090909e-01
1686	 4.020340e-01	 9.171855e-01
1687	 3.611442e-01	 9.312003e-01
1688	 3.636364e-01	 9.090909e-01
1689	 3.538185e-01	 9.189088e-01
1690	 3.693288e-01	 9.374099e-01
1691	 9.037953e-01	 8.734923e-01
1692	 9.168813e-01	 8.482814e-01
1693	 8.964341e-01	 8.724358e-01
1694	 9.125000e-01	 8.421063e-01
1695	 8.875000e-01	 8.598437e-01
1696	 9.299410e-01	 8.179527e-01
1697	 9.407726e-01	 8.024945e-01
1698	 9.355000e-01	 8.257877e-01
1699	 9.500000e-01	 8.155000e-01
1700	 9.924091e-01	 8.787879e-01
1701	 1.000000e+00	 8.787879e-01
1702	 9.924091e-01	 9.090909e-01
1703	 1.000000e+00	 9.090909e-01
1704	 7.996161e-01	 8.948972e-01
1705	 7.774063e-01	 9.165673e-01
1706	 4.848485e-01	 3.030303e-01
1707	 5.151515e-01	 3.030303e-01
1708	 5.454545e-01	 3.939394e-01
1709	 5.454545e-01	 4.242424e-01
1710	 5.151515e-01	 4.242424e-01
1711	 5.151515e-01	 3.939394e-01
1712	 6.430412e-01	 7.779950e-01
1713	 6.439997e-01	 7.739237e-01
1714	 6.658480e-01	 7.804789e-01
1715	 6.443875e-01	 7.704437e-01
1716	 6.443506e-01	 7.708235e-01
1717	 6.668379e-01	 7.771796e-01
1718	 6.667303e-01	 7.775380e-01
1719	 6.494556e-01	 8.089655e-01
1720	 6.884117e-01	 8.057086e-01
1721	 6.882089e-01	 8.061082e-01
1722	 6.732032e-01	 7.790894e-01
1723	 6.765000e-01	 7.848597e-01
1724	 5.151515e-01	 5.757576e-01
1725	 5.151515e-01	 5.454545e-01
1726	 5.454545e-01	 5.454545e-01
1727	 5.454545e-01	 5.757576e-01
1728	 5.454545e-01	 6.060606e-01
1729	 5.757576e-01	 6.060606e-01
1730	 5.757576e-01	 5.757576e-01
1731	 8.484848e-01	 6.666667e-01
1732	 8.787879e-01	 6.666667e-01
1733	 8.787879e-01	 6.363636e-01
1734	 8.484848e-01	 6.363636e-01
1735	 8.181818e-01	 6.363636e-01
1736	 7.878788e-01	 6.363636e-01
1737	 7.878788e-01	 6.666667e-01
1738	 8.181818e-01	 6.666667e-01
1739	 9.090909e-01	 5.151515e-01
1740	 8.787879e-01	 5.151515e-01
1741	 8.318850e-01	 2.980018e-01
1742	 7.983309e-01	 3.022920e-01
1743	 7.980158e-01	 3.041785e-01
1744	 8.078660e-01	 3.071339e-01
1745	 6.363636e-01	 3.939394e-01
1746	 6.321125e-01	 3.896882e-01
1747	 6.423296e-01	 3.663233e-01
1748	 6.666667e-01	 3.687806e-01
1749	 6.666667e-01	 3.939394e-01
1750	 8.787879e-01	 -5.680711e-16
1751	 8.787879e-01	 7.590909e-03
1752	 8.484848e-01	 3.388132e-21
1753	 8.484848e-01	 7.590909e-03
1754	 8.551290e-01	 2.788977e-01
1755	 8.734702e-01	 2.674095e-01
1756	 8.713242e-01	 2.579041e-01
1757	 8.422167e-01	 2.502038e-01
1758	 8.363359e-01	 2.614268e-01
1759	 8.500000e-01	 2.675000e-01
1760	 8.409096e-01	 2.715907e-01
1761	 8.482536e-01	 1.693014e-01
1762	 8.493137e-01	 1.689893e-01
1763	 8.491402e-01	 1.695674e-01
1764	 8.486909e-01	 1.688025e-01
1765	 8.484240e-01	 1.682095e-01
1766	 8.497230e-01	 1.676250e-01
1767	 8.507551e-01	 1.664475e-01
1768	 8.510220e-01	 1.670405e-01
1769	 1.905315e-01	 8.715409e-01
1770	 1.806500e-01	 8.656125e-01
1771	 1.793999e-01	 8.676962e-01
1772	 1.783195e-01	 8.694971e-01
1773	 1.682951e-01	 8.610339e-01
1774	 1.654860e-01	 8.617977e-01
1775	 2.071952e-01	 8.504572e-01
1776	 1.981837e-01	 8.625890e-01
1777	 1.960506e-01	 8.614252e-01
1778	 2.043861e-01	 8.512210e-01
1779	 2.011359e-01	 8.521047e-01
1780	 1.821498e-01	 8.407140e-01
1781	 1.920312e-01	 8.466424e-01
1782	 3.579525e-01	 9.582609e-01
1783	 3.615271e-01	 9.517092e-01
1784	 3.683386e-01	 9.764396e-01
1785	 3.616549e-01	 9.647412e-01
1786	 3.664428e-01	 9.782700e-01
1787	 3.670723e-01	 9.776538e-01
1788	 3.594372e-01	 9.660082e-01
1789	 3.601772e-01	 9.655854e-01
1790	 3.550273e-01	 9.582895e-01
1791	 3.560034e-01	 9.582800e-01
1792	 1.275215e-01	 1.941248e-01
1793	 2.269641e-01	 8.485371e-02
1794	 2.088997e-01	 1.091694e-01
1795	 2.125391e-01	 7.791861e-02
1796	 1.996522e-01	 1.047235e-01
1797	 2.708312e-01	 1.231082e-01
1798	 2.690320e-01	 1.478199e-01
1799	 1.860870e-01	 1.329391e-01
1800	 1.725217e-01	 1.611548e-01
1801	 2.349024e-01	 1.742964e-01
1802	 2.231492e-01	 1.747280e-01
1803	 3.939394e-01	 -5.680711e-16
1804	 3.939394e-01	 7.590909e-03
1805	 3.636364e-01	 -3.388132e-21
1806	 3.636364e-01	 7.590909e-03
1807	 4.013861e-01	 9.570534e-01
1808	 3.734023e-01	 9.726074e-01
1809	 7.933509e-01	 9.390403e-01
1810	 8.157957e-01	 9.370079e-01
1811	 8.169613e-01	 9.193443e-01
1812	 7.875000e-01	 9.307937e-01
1813	 8.125000e-01	 9.130563e-01
1814	 5.454545e-01	 3.636364e-01
1815	 5.454545e-01	 3.333333e-01
1816	 6.743631e-01	 8.164385e-01
1817	 6.566532e-01	 8.111250e-01
1818	 6.620580e-01	 7.931109e-01
1819	 6.506069e-01	 7.996533e-01
1820	 6.532209e-01	 8.042286e-01
1821	 6.479409e-01	 8.011764e-01
1822	 6.729524e-01	 7.794049e-01
1823	 6.761750e-01	 7.850453e-01
1824	 6.708951e-01	 7.819932e-01
1825	 6.735091e-01	 7.865685e-01
1826	 9.090909e-01	 4.545455e-01
1827	 8.787879e-01	 4.545455e-01
1828	 8.787879e-01	 4.848485e-01
1829	 9.090909e-01	 4.848485e-01
1830	 8.385649e-01	 2.968657e-01
1831	 1.863406e-01	 8.561274e-01
1832	 1.715454e-01	 8.601502e-01
1833	 1.766307e-01	 8.508297e-01
1834	 1.943618e-01	 8.427578e-01
1835	 1.932814e-01	 8.445586e-01
1836	 3.672253e-01	 9.359325e-01
1837	 3.679248e-01	 9.364299e-01
1838	 3.592850e-01	 9.504859e-01
1839	 3.600331e-01	 9.508941e-01
1840	 1.586006e-01	 1.901107e-01
1841	 1.587852e-01	 1.897268e-01
1842	 1.620990e-01	 1.917926e-01
1843	 1.623840e-01	 1.914570e-01
1844	 1.673994e-01	 1.855519e-01
1845	 1.672371e-01	 1.846671e-01
1846	 1.626273e-01	 1.911706e-01
1847	 1.623478e-01	 1.823165e-01
1848	 1.589427e-01	 1.893991e-01
1849	 1.271440e-01	 1.949623e-01
1850	 1.273202e-01	 1.945801e-01
1851	 1.393761e-01	 2.124367e-01
1852	 1.396739e-01	 2.122283e-01
1853	 1.454051e-01	 2.175574e-01
1854	 1.417205e-01	 2.157860e-01
1855	 1.419638e-01	 2.154996e-01
1856	 1.561608e-01	 2.223250e-01
1857	 1.563493e-01	 2.219430e-01
1858	 1.455626e-01	 2.172297e-01
1859	 1.400229e-01	 2.119840e-01
1860	 2.394343e-01	 1.199061e-01
1861	 2.424242e-01	 1.172265e-01
1862	 2.678415e-01	 1.225109e-01
1863	 2.438920e-01	 1.543854e-01
1864	 2.600328e-01	 1.493326e-01
1865	 2.500000e-01	 1.350000e-01
1866	 2.161881e-01	 1.286257e-01
1867	 2.033320e-01	 1.412300e-01
1868	 2.261356e-01	 1.290190e-01
1869	 2.367935e-01	 1.442446e-01
1870	 3.888106e-01	 9.350426e-01
1871	 3.949200e-01	 9.457357e-01
1872	 3.998778e-01	 9.578497e-01
1873	 4.848485e-01	 3.333333e-01
1874	 4.848485e-01	 3.636364e-01
1875	 5.151515e-01	 3.636364e-01
1876	 5.151515e-01	 3.333333e-01
1877	 6.761011e-01	 8.146897e-01
1878	 8.295013e-01	 2.767244e-01
1879	 8.265301e-01	 2.701217e-01
1880	 8.347076e-01	 2.973102e-01
1881	 8.375732e-01	 2.969739e-01
1882	 8.261272e-01	 2.782428e-01
1883	 8.286361e-01	 2.771137e-01
1884	 8.075352e-01	 2.682856e-01
1885	 8.292037e-01	 3.001809e-01
1886	 1.804334e-01	 8.344014e-01
1887	 1.812291e-01	 8.373279e-01
1888	 1.726540e-01	 8.486600e-01
1889	 1.744975e-01	 8.496659e-01
1890	 1.521739e-01	 2.034783e-01
1891	 1.457472e-01	 2.168458e-01
1892	 1.422489e-01	 2.151639e-01
1893	 2.028540e-01	 1.457348e-01
1894	 1.823129e-01	 1.658621e-01
1895	 1.829250e-01	 1.693222e-01
1896	 2.133152e-01	 1.606793e-01
1897	 1.888587e-01	 1.777989e-01
1898	 3.730778e-01	 9.395218e-01
1899	 3.887842e-01	 9.781825e-01
1900	 3.936621e-01	 9.692421e-01
1901	 3.732601e-01	 9.581107e-01
1902	 6.572781e-01	 8.090422e-01
1903	 6.511635e-01	 8.068169e-01
1904	 6.509127e-01	 8.071324e-01
1905	 6.789270e-01	 8.119412e-01
1906	 6.764004e-01	 8.143887e-01
1907	 6.582680e-01	 8.057429e-01
1908	 6.573856e-01	 8.086837e-01
1909	 8.097905e-01	 2.650993e-01
1910	 8.092248e-01	 2.659201e-01
1911	 8.195951e-01	 2.680410e-01
1912	 8.193225e-01	 2.689497e-01
1913	 8.185318e-01	 2.715849e-01
1914	 8.258426e-01	 2.709060e-01
1915	 8.238491e-01	 2.731803e-01
1916	 8.035438e-01	 2.963450e-01
1917	 8.264098e-01	 3.032055e-01
1918	 8.271176e-01	 3.024274e-01
1919	 8.104787e-01	 2.984257e-01
1920	 8.107514e-01	 2.975170e-01
1921	 8.150369e-01	 2.832334e-01
1922	 8.115420e-01	 2.948818e-01
1923	 3.776022e-01	 9.387676e-01
1924	 3.797848e-01	 9.740585e-01
1925	 7.971481e-01	 2.731162e-01
1926	 3.801343e-01	 9.380510e-01
1927	 3.792924e-01	 9.382954e-01
1928	 3.821830e-01	 9.749956e-01
1929	 3.813864e-01	 9.746761e-01
1930	 3.849932e-01	 9.645123e-01
1931	 7.929976e-01	 2.729091e-01
1932	 7.940655e-01	 2.729702e-01
1933	 8.005726e-01	 2.897424e-01
1934	 8.039466e-01	 2.882240e-01
1935	 8.014377e-01	 2.893530e-01
1936	 8.062248e-01	 2.932865e-01
1937	 8.042312e-01	 2.955608e-01
1938	 3.848653e-01	 9.514803e-01
1939	 3.885678e-01	 9.579606e-01
1940	 3.870830e-01	 9.502132e-01
1941	 3.863430e-01	 9.506360e-01
1942	 3.914930e-01	 9.579319e-01
1943	 3.905168e-01	 9.579415e-01
1944	 3.872353e-01	 9.657356e-01
1945	 3.864871e-01	 9.653274e-01
