5.158404e-04
6.882461e-04
6.882461e-04
6.882461e-04
6.882461e-04
6.882461e-04
6.882461e-04
6.882461e-04
6.882461e-04
6.882461e-04
6.882461e-04
6.882461e-04
6.882461e-04
6.882461e-04
6.882461e-04
6.882461e-04
6.882461e-04
6.882461e-04
6.882461e-04
6.882461e-04
6.882461e-04
6.882461e-04
6.882461e-04
6.882461e-04
6.882461e-04
6.882461e-04
6.882461e-04
6.882461e-04
6.882461e-04
6.882461e-04
6.882461e-04
6.882461e-04
5.158404e-04
6.882461e-04
9.182736e-04
9.182736e-04
9.182736e-04
9.182736e-04
9.182736e-04
9.761461e-04
7.079674e-04
9.181750e-04
9.182736e-04
9.182736e-04
9.182736e-04
9.182736e-04
9.182736e-04
1.033577e-03
9.147614e-04
9.182736e-04
9.182736e-04
9.182736e-04
9.182736e-04
9.182736e-04
9.182736e-04
9.182736e-04
9.182736e-04
9.182736e-04
9.182736e-04
9.182736e-04
9.182736e-04
9.182736e-04
9.182736e-04
9.182736e-04
9.182736e-04
6.882461e-04
6.882461e-04
9.182736e-04
9.182736e-04
9.182736e-04
9.182736e-04
1.080976e-03
1.042678e-03
9.182736e-04
9.182736e-04
9.182736e-04
9.182736e-04
1.092570e-03
6.777537e-04
9.182736e-04
9.182736e-04
9.182736e-04
9.182736e-04
9.182736e-04
9.182736e-04
9.182736e-04
9.182736e-04
9.182736e-04
9.182736e-04
9.182736e-04
9.182736e-04
9.182736e-04
9.182736e-04
9.182736e-04
9.182736e-04
6.882461e-04
6.882461e-04
9.182736e-04
9.182736e-04
9.182736e-04
9.182736e-04
1.059375e-03
1.082712e-03
8.907019e-04
9.182736e-04
9.182736e-04
9.182736e-04
9.182736e-04
1.005763e-03
8.458182e-04
9.182736e-04
9.182736e-04
9.182736e-04
9.182736e-04
9.182736e-04
9.182736e-04
9.182736e-04
9.182736e-04
9.182736e-04
9.182736e-04
9.182736e-04
9.182736e-04
9.182736e-04
9.182736e-04
9.182736e-04
9.182736e-04
6.882461e-04
6.882461e-04
9.182736e-04
9.182736e-04
9.182736e-04
1.096200e-03
9.959841e-04
9.182736e-04
9.182736e-04
1.059897e-03
1.059882e-03
9.182736e-04
9.182736e-04
9.182736e-04
9.182736e-04
9.182736e-04
9.182736e-04
9.182736e-04
9.182736e-04
9.182736e-04
9.182736e-04
9.182736e-04
9.841718e-04
9.485753e-04
9.182736e-04
9.182736e-04
9.182736e-04
6.882461e-04
6.882461e-04
9.182736e-04
9.182736e-04
9.182736e-04
1.040705e-03
1.030346e-03
9.182736e-04
9.182736e-04
9.182736e-04
9.534324e-04
1.023714e-03
9.182736e-04
9.182736e-04
9.182736e-04
9.182736e-04
9.182736e-04
9.182736e-04
9.182736e-04
9.182736e-04
9.182736e-04
1.110452e-03
9.787443e-04
8.320476e-04
1.053314e-03
9.182736e-04
9.182736e-04
6.882461e-04
6.882461e-04
9.182736e-04
9.182736e-04
1.079279e-03
1.234368e-03
9.182736e-04
9.182736e-04
9.182736e-04
1.032263e-03
1.099689e-03
9.182736e-04
9.182736e-04
9.182736e-04
9.182736e-04
9.182736e-04
9.182736e-04
9.182736e-04
9.182736e-04
1.067419e-03
8.426937e-04
9.182736e-04
9.182736e-04
9.182736e-04
6.882461e-04
6.882461e-04
1.098441e-03
8.997710e-04
8.197898e-04
1.123060e-03
9.182736e-04
9.182736e-04
9.182736e-04
9.182736e-04
8.688656e-04
1.087247e-03
9.182736e-04
9.182736e-04
9.182736e-04
9.182736e-04
9.182736e-04
9.182736e-04
9.182736e-04
9.182736e-04
7.507552e-04
9.179374e-04
9.747715e-04
1.085711e-03
9.182736e-04
9.182736e-04
9.182736e-04
6.882461e-04
8.119927e-04
1.022680e-03
9.182736e-04
9.182736e-04
9.182736e-04
9.182736e-04
1.140525e-03
1.136448e-03
9.182736e-04
9.182736e-04
9.182736e-04
9.182736e-04
9.182736e-04
9.182736e-04
9.182736e-04
9.182736e-04
8.484468e-04
8.488805e-04
1.029739e-03
1.063320e-03
6.955784e-04
1.086609e-03
9.182736e-04
9.182736e-04
6.882461e-04
7.603487e-04
1.113935e-03
8.657268e-04
9.182736e-04
9.182736e-04
9.182736e-04
9.182736e-04
1.141562e-03
1.147435e-03
9.182736e-04
9.182736e-04
9.182736e-04
9.182736e-04
9.182736e-04
9.182736e-04
9.182736e-04
9.182736e-04
9.182736e-04
9.182736e-04
1.040295e-03
9.501475e-04
9.361611e-04
9.182736e-04
9.182736e-04
9.182736e-04
6.882461e-04
6.882461e-04
1.268578e-03
1.001864e-03
9.182736e-04
9.182736e-04
9.182736e-04
9.182736e-04
1.075687e-03
8.564928e-04
9.182736e-04
9.182736e-04
9.182736e-04
9.182736e-04
9.182736e-04
9.182736e-04
9.182736e-04
9.182736e-04
9.182736e-04
1.003095e-03
8.635253e-04
9.573608e-04
9.182736e-04
9.182736e-04
9.182736e-04
9.182736e-04
6.882461e-04
6.882461e-04
9.858365e-04
8.593584e-04
9.182736e-04
9.182736e-04
9.182736e-04
9.182736e-04
1.107867e-03
1.039105e-03
9.182736e-04
9.182736e-04
9.182736e-04
9.182736e-04
9.182736e-04
9.182736e-04
9.182736e-04
9.551153e-04
8.225958e-04
1.055393e-03
1.032291e-03
1.022330e-03
9.182736e-04
9.182736e-04
9.182736e-04
9.182736e-04
6.882461e-04
6.882461e-04
8.249613e-04
9.917032e-04
9.182736e-04
9.182736e-04
9.182736e-04
9.182736e-04
1.006444e-03
9.343787e-04
9.182736e-04
9.182736e-04
9.182736e-04
9.182736e-04
9.182736e-04
9.182736e-04
9.182736e-04
1.027522e-03
7.959522e-04
9.685367e-04
1.120846e-03
1.091004e-03
1.124537e-03
9.182736e-04
9.182736e-04
9.182736e-04
9.182736e-04
6.882461e-04
7.487603e-04
7.896785e-04
9.182736e-04
9.182736e-04
9.182736e-04
9.182736e-04
1.070475e-03
1.070876e-03
9.182736e-04
9.182736e-04
9.182736e-04
9.182736e-04
9.182736e-04
9.182736e-04
9.182736e-04
9.182736e-04
9.216347e-04
1.001638e-03
9.182736e-04
9.182736e-04
9.182736e-04
9.772287e-04
9.432255e-04
9.182736e-04
9.182736e-04
9.182736e-04
9.182736e-04
9.182736e-04
6.882461e-04
6.865145e-04
7.766910e-04
8.991921e-04
9.182736e-04
9.182736e-04
9.182736e-04
9.182736e-04
9.426258e-04
1.018934e-03
9.182736e-04
9.182736e-04
9.182736e-04
9.182736e-04
9.182736e-04
9.182736e-04
9.182736e-04
9.182736e-04
9.182736e-04
9.182736e-04
9.182736e-04
9.182736e-04
9.182736e-04
9.182736e-04
9.569026e-04
9.819248e-04
9.182736e-04
9.182736e-04
9.182736e-04
9.182736e-04
9.182736e-04
6.882461e-04
6.882461e-04
9.182736e-04
9.182736e-04
9.182736e-04
9.182736e-04
9.182736e-04
1.029706e-03
1.097007e-03
9.182736e-04
9.182736e-04
1.035128e-03
8.240773e-04
9.182736e-04
9.182736e-04
9.182736e-04
9.182736e-04
9.182736e-04
9.182736e-04
9.182736e-04
9.182736e-04
9.182736e-04
1.114690e-03
1.095349e-03
9.182736e-04
9.182736e-04
9.182736e-04
9.182736e-04
9.182736e-04
6.882461e-04
6.882461e-04
9.182736e-04
9.182736e-04
9.182736e-04
9.182736e-04
9.182736e-04
8.839033e-04
1.102527e-03
9.182736e-04
9.182736e-04
1.110375e-03
9.952852e-04
9.182736e-04
9.182736e-04
9.182736e-04
9.182736e-04
9.182736e-04
9.182736e-04
9.182736e-04
9.182736e-04
1.018774e-03
8.709932e-04
9.182736e-04
9.182736e-04
9.182736e-04
9.182736e-04
9.182736e-04
9.182736e-04
6.882461e-04
6.882461e-04
9.182736e-04
9.182736e-04
9.182736e-04
9.182736e-04
1.157862e-03
1.122458e-03
9.182736e-04
9.182736e-04
1.018224e-03
8.558332e-04
9.182736e-04
9.182736e-04
9.182736e-04
9.182736e-04
9.182736e-04
9.182736e-04
9.182736e-04
9.182736e-04
9.182736e-04
1.043291e-03
9.399337e-04
9.182736e-04
9.182736e-04
9.182736e-04
9.182736e-04
9.182736e-04
9.182736e-04
6.882461e-04
6.882461e-04
9.182736e-04
9.182736e-04
9.182736e-04
1.125159e-03
1.162990e-03
9.182736e-04
9.182736e-04
1.061979e-03
1.065646e-03
9.182736e-04
9.182736e-04
9.182736e-04
9.182736e-04
9.182736e-04
9.182736e-04
9.182736e-04
9.182736e-04
1.136725e-03
1.060327e-03
9.182736e-04
9.182736e-04
9.182736e-04
9.182736e-04
9.182736e-04
9.182736e-04
6.882461e-04
6.882461e-04
9.182736e-04
9.182736e-04
9.182736e-04
1.066620e-03
8.758918e-04
9.182736e-04
9.182736e-04
9.182736e-04
9.031853e-04
1.028564e-03
9.182736e-04
9.182736e-04
9.182736e-04
9.182736e-04
9.182736e-04
9.182736e-04
9.182736e-04
9.182736e-04
9.182736e-04
1.067707e-03
8.063579e-04
9.182736e-04
9.182736e-04
9.182736e-04
9.182736e-04
9.182736e-04
9.182736e-04
9.182736e-04
6.882461e-04
6.882461e-04
9.182736e-04
9.182736e-04
1.090119e-03
1.012256e-03
9.182736e-04
9.182736e-04
1.154208e-03
1.115480e-03
9.182736e-04
9.182736e-04
9.182736e-04
9.182736e-04
9.182736e-04
9.182736e-04
9.182736e-04
9.182736e-04
9.182736e-04
9.366204e-04
8.962684e-04
9.182736e-04
9.182736e-04
9.182736e-04
9.182736e-04
9.182736e-04
9.182736e-04
9.182736e-04
6.882461e-04
6.882461e-04
9.182736e-04
9.182736e-04
9.182736e-04
6.963043e-04
9.081295e-04
9.182736e-04
9.182736e-04
1.112325e-03
1.149435e-03
9.182736e-04
9.182736e-04
9.182736e-04
9.182736e-04
9.182736e-04
9.182736e-04
9.182736e-04
9.182736e-04
9.182736e-04
9.182736e-04
8.991337e-04
1.027628e-03
9.182736e-04
9.182736e-04
9.182736e-04
9.182736e-04
9.182736e-04
9.182736e-04
9.182736e-04
6.882461e-04
6.882461e-04
9.182736e-04
9.182736e-04
9.182736e-04
9.182736e-04
9.182736e-04
9.182736e-04
9.182736e-04
1.034429e-03
9.094876e-04
9.182736e-04
9.182736e-04
9.182736e-04
9.182736e-04
9.182736e-04
9.182736e-04
9.182736e-04
9.182736e-04
9.182736e-04
9.182736e-04
1.080276e-03
1.110402e-03
1.089527e-03
9.249697e-04
9.182736e-04
9.182736e-04
9.182736e-04
9.182736e-04
9.182736e-04
6.882461e-04
6.882461e-04
9.182736e-04
9.182736e-04
9.182736e-04
9.182736e-04
9.182736e-04
9.182736e-04
1.063800e-03
1.059139e-03
9.182736e-04
9.182736e-04
9.182736e-04
9.182736e-04
9.182736e-04
9.182736e-04
9.182736e-04
9.182736e-04
9.182736e-04
9.182736e-04
9.832434e-04
1.180324e-03
1.059012e-03
9.212127e-04
9.182736e-04
9.182736e-04
9.182736e-04
9.182736e-04
6.882461e-04
6.882461e-04
9.182736e-04
9.182736e-04
9.182736e-04
9.182736e-04
9.182736e-04
9.182736e-04
8.888166e-04
1.022268e-03
9.182736e-04
9.182736e-04
9.182736e-04
9.182736e-04
9.182736e-04
9.182736e-04
9.182736e-04
9.182736e-04
9.182736e-04
9.182736e-04
9.182736e-04
9.456085e-04
9.291371e-04
9.182394e-04
9.182736e-04
9.182736e-04
9.182736e-04
9.182736e-04
6.882461e-04
6.882461e-04
9.182736e-04
9.182736e-04
9.182736e-04
9.182736e-04
9.182736e-04
1.139018e-03
1.124042e-03
9.182736e-04
9.182736e-04
9.182736e-04
9.182736e-04
9.182736e-04
9.182736e-04
9.182736e-04
9.182736e-04
9.182736e-04
9.182736e-04
1.182759e-03
8.519253e-04
1.044592e-03
9.182736e-04
9.182736e-04
9.182736e-04
9.182736e-04
9.182736e-04
1.039812e-03
6.882461e-04
6.882461e-04
9.182736e-04
9.182736e-04
9.182736e-04
1.001230e-03
1.235679e-03
1.137411e-03
9.182736e-04
9.182736e-04
9.182736e-04
9.182736e-04
9.182736e-04
9.182736e-04
9.182736e-04
9.182736e-04
9.182736e-04
1.078880e-03
1.007791e-03
1.128166e-03
9.182736e-04
9.182736e-04
9.182736e-04
9.182736e-04
9.182736e-04
1.113864e-03
8.942250e-04
7.251283e-04
6.882461e-04
9.182736e-04
9.182736e-04
1.074499e-03
1.017980e-03
9.182736e-04
9.182736e-04
9.182736e-04
9.182736e-04
9.182736e-04
9.182736e-04
9.182736e-04
9.182736e-04
1.119551e-03
1.099981e-03
1.039440e-03
9.182736e-04
9.182736e-04
9.182736e-04
9.182736e-04
9.182736e-04
1.163843e-03
8.102748e-04
6.882461e-04
9.182736e-04
9.182736e-04
9.182736e-04
1.016019e-03
1.007948e-03
1.091076e-03
9.182736e-04
9.182736e-04
9.182736e-04
9.182736e-04
9.182736e-04
1.177849e-03
9.889210e-04
1.047043e-03
8.850171e-04
9.182736e-04
9.182736e-04
9.182736e-04
9.182736e-04
1.131724e-03
1.028594e-03
8.999381e-04
1.094515e-03
6.882461e-04
6.882461e-04
9.182736e-04
9.182736e-04
9.182736e-04
8.408389e-04
9.640295e-04
1.047681e-03
1.124034e-03
9.182736e-04
1.052487e-03
8.893442e-04
9.014706e-04
1.026216e-03
9.182736e-04
9.182736e-04
9.182736e-04
9.182736e-04
9.182736e-04
9.182736e-04
1.255828e-03
1.099133e-03
9.182736e-04
9.182736e-04
6.882461e-04
6.882461e-04
9.182736e-04
9.182736e-04
1.036907e-03
1.102929e-03
1.061077e-03
9.588033e-04
1.026515e-03
1.141062e-03
9.182736e-04
9.182736e-04
9.182736e-04
9.182736e-04
9.182736e-04
9.182736e-04
9.182736e-04
1.053008e-03
8.452066e-04
1.054493e-03
9.182736e-04
9.182736e-04
9.182736e-04
6.882461e-04
6.882461e-04
9.182736e-04
9.182736e-04
9.182736e-04
9.520630e-04
1.046049e-03
9.182736e-04
9.182736e-04
9.182736e-04
1.043270e-03
8.288327e-04
1.050823e-03
1.124856e-03
9.182736e-04
9.182736e-04
9.182736e-04
9.182736e-04
9.182736e-04
9.182736e-04
9.182736e-04
9.755472e-04
9.966517e-04
9.182736e-04
9.182736e-04
9.182736e-04
9.182736e-04
9.182736e-04
6.882461e-04
5.158404e-04
6.882461e-04
6.882461e-04
6.882461e-04
6.882461e-04
6.882461e-04
6.882461e-04
6.882461e-04
6.882461e-04
6.882461e-04
6.803526e-04
4.952695e-04
7.560367e-04
6.882461e-04
6.882461e-04
6.882461e-04
6.882461e-04
6.882461e-04
6.882461e-04
6.882461e-04
6.882461e-04
6.881870e-04
6.083577e-04
7.830415e-04
6.882461e-04
6.882461e-04
6.882461e-04
6.882461e-04
6.882461e-04
6.882461e-04
5.158404e-04
2.012166e-04
2.012166e-04
2.300275e-04
2.300275e-04
2.300275e-04
2.300275e-04
2.300275e-04
2.300275e-04
2.300275e-04
2.300275e-04
2.300275e-04
2.300275e-04
2.300275e-04
2.300275e-04
2.300275e-04
2.300275e-04
2.300275e-04
2.300275e-04
2.300275e-04
2.300275e-04
2.300275e-04
2.300275e-04
2.300275e-04
3.907667e-04
2.300275e-04
2.300275e-04
2.300275e-04
4.164161e-04
2.300275e-04
2.300275e-04
2.300275e-04
2.300275e-04
2.300275e-04
2.300275e-04
2.300275e-04
2.300275e-04
2.300275e-04
2.300275e-04
2.300275e-04
2.300275e-04
2.300275e-04
2.300275e-04
2.300275e-04
2.300275e-04
2.300275e-04
2.300275e-04
2.300275e-04
2.300275e-04
2.300275e-04
2.300275e-04
2.300275e-04
2.300275e-04
2.300275e-04
2.300275e-04
2.300275e-04
2.300275e-04
2.300275e-04
2.300275e-04
2.300275e-04
2.300275e-04
2.300275e-04
2.300275e-04
2.300275e-04
2.300275e-04
2.012166e-04
2.012166e-04
2.012166e-04
2.012166e-04
2.300275e-04
2.300275e-04
2.300275e-04
2.300275e-04
2.300275e-04
2.300275e-04
2.300275e-04
2.300275e-04
2.300275e-04
2.300275e-04
2.300275e-04
2.300275e-04
2.300275e-04
2.300275e-04
2.300275e-04
2.300275e-04
2.300275e-04
2.300275e-04
2.300275e-04
2.300275e-04
2.300275e-04
2.300275e-04
2.300275e-04
2.300275e-04
2.300275e-04
2.300275e-04
2.300275e-04
2.300275e-04
2.300275e-04
2.300275e-04
2.300275e-04
2.300275e-04
2.300275e-04
2.300275e-04
2.300275e-04
2.300275e-04
2.300275e-04
2.300275e-04
2.300275e-04
2.300275e-04
2.300275e-04
2.300275e-04
2.300275e-04
2.300275e-04
2.300275e-04
2.300275e-04
2.300275e-04
2.300275e-04
2.300275e-04
2.300275e-04
2.300275e-04
2.300275e-04
2.300275e-04
2.300275e-04
2.300275e-04
2.300275e-04
2.300275e-04
2.300275e-04
2.300275e-04
2.300275e-04
2.300275e-04
2.300275e-04
2.012166e-04
2.012166e-04
2.749189e-04
1.966738e-04
3.016472e-04
1.904724e-04
2.850619e-04
3.869279e-04
4.704981e-04
4.772018e-04
6.654715e-04
3.232688e-04
5.131818e-04
5.285119e-04
5.906561e-04
3.513784e-04
4.574126e-04
5.135253e-04
1.814418e-04
3.522590e-04
2.367215e-04
2.878666e-05
2.878666e-05
1.576396e-04
2.878666e-05
1.997450e-04
2.700850e-04
2.878666e-05
1.232739e-04
3.994752e-05
3.469249e-05
8.219856e-05
3.581058e-05
1.526043e-04
1.486001e-04
3.946408e-05
3.812512e-04
2.230717e-04
6.606344e-04
5.110400e-04
4.586695e-04
6.311402e-04
6.159665e-04
3.906036e-04
2.935147e-04
3.547185e-04
1.476415e-04
2.261073e-04
3.300002e-04
3.864684e-04
3.779425e-04
2.112039e-04
4.869719e-04
5.221165e-04
4.684906e-04
5.061915e-04
3.675559e-04
2.218205e-04
1.468960e-06
7.028836e-06
7.793003e-06
1.468960e-06
6.233660e-06
1.468960e-06
1.468960e-06
4.276245e-06
1.677223e-06
8.132521e-06
9.231359e-06
1.677223e-06
7.366276e-06
1.677223e-06
1.677223e-06
5.010137e-06
1.877188e-04
5.167098e-04
4.684355e-04
5.777354e-04
6.413782e-04
5.381732e-04
2.983089e-04
2.407903e-04
2.425807e-04
3.427662e-04
3.855448e-04
2.469238e-04
4.393978e-04
4.231151e-04
4.326085e-04
4.224695e-04
7.206584e-04
4.087199e-04
5.547141e-04
5.529065e-04
3.916954e-04
7.226378e-04
5.470943e-04
5.106864e-04
4.615605e-04
6.746010e-04
5.693015e-04
4.779958e-04
5.285724e-04
6.213829e-04
5.925108e-04
4.521222e-04
5.929258e-04
5.675658e-04
6.164010e-04
4.258107e-04
6.552297e-04
5.130525e-04
5.348524e-04
6.212719e-04
3.923241e-04
6.542141e-04
5.859850e-04
5.550022e-04
4.199634e-04
6.315553e-04
6.360086e-04
4.868459e-04
3.670194e-04
5.254667e-04
4.454528e-04
3.022474e-04
5.530522e-04
2.029392e-04
4.640965e-04
4.407436e-04
1.945790e-04
3.698399e-04
2.958801e-04
3.712008e-04
3.027810e-04
2.191508e-04
3.107704e-05
2.863403e-05
2.863403e-05
3.107704e-05
2.863403e-05
3.107704e-05
3.107704e-05
2.863403e-05
1.685546e-04
1.479289e-04
7.048746e-05
6.590631e-05
1.377772e-04
1.145942e-04
4.850667e-05
4.469348e-05
5.269131e-04
2.848195e-04
6.129718e-04
5.266943e-04
5.246070e-04
6.167330e-04
4.265763e-04
6.113595e-04
6.105645e-04
5.126351e-04
4.764664e-04
5.661649e-04
6.957320e-04
4.033733e-04
5.437853e-04
5.462463e-04
4.171132e-04
6.926070e-04
5.534046e-04
4.862370e-04
5.246457e-04
6.053669e-04
5.128788e-04
4.051398e-04
4.616711e-04
2.902873e-04
3.169324e-04
4.148372e-04
3.865091e-04
2.581882e-04
1.678126e-04
1.789567e-04
1.174257e-04
1.861308e-04
1.963715e-04
3.474711e-05
3.474711e-05
1.974646e-04
3.474711e-05
2.039164e-04
1.924195e-04
3.474711e-05
1.910235e-04
6.892642e-05
1.539581e-05
4.147010e-05
6.177140e-05
1.629435e-04
1.588499e-04
6.330380e-05
3.341161e-04
3.783543e-04
4.930308e-04
6.610202e-04
6.596739e-04
4.548522e-04
4.165674e-04
7.079407e-04
4.663403e-04
5.436245e-04
6.345794e-04
3.752619e-04
7.459243e-04
4.747982e-04
4.612084e-04
5.723077e-04
6.114854e-04
4.069950e-04
6.785505e-04
5.569209e-04
4.223589e-04
6.024799e-04
5.820289e-04
4.399589e-04
6.037426e-04
6.360427e-04
4.154096e-04
6.337366e-04
4.320893e-04
3.735776e-04
7.039748e-05
6.491236e-05
8.364326e-05
1.337600e-04
1.573064e-05
4.584377e-05
1.444861e-04
6.390145e-05
9.856843e-06
6.663831e-06
6.663831e-06
1.599555e-05
6.663831e-06
2.080826e-05
1.727861e-05
6.663831e-06
2.674165e-04
3.324863e-04
4.744071e-04
4.859610e-04
4.073237e-04
3.411477e-04
2.449860e-05
1.610163e-04
2.222406e-06
4.630916e-07
4.630916e-07
2.222406e-06
4.630916e-07
2.222406e-06
2.222406e-06
4.630916e-07
1.999870e-04
2.908460e-05
1.237987e-04
1.981370e-04
3.074786e-04
2.390878e-04
4.911990e-04
5.835630e-04
7.002849e-04
3.873666e-04
4.682863e-04
5.558038e-04
3.709942e-04
4.739164e-04
2.504785e-04
1.083540e-04
8.748180e-07
4.379813e-06
4.379813e-06
8.748180e-07
2.282115e-06
4.755334e-07
4.755334e-07
2.282115e-06
1.492934e-04
3.096883e-04
3.198263e-04
2.418971e-04
2.356841e-04
2.575902e-04
2.985847e-04
4.459858e-04
5.063637e-04
3.581081e-04
3.974409e-04
5.444128e-04
4.830215e-04
6.162213e-04
4.920849e-04
4.504437e-04
4.277458e-04
6.262957e-04
4.359774e-04
3.168817e-04
1.700092e-05
5.872152e-05
4.750300e-05
1.700092e-05
3.029562e-05
1.700092e-05
1.700092e-05
4.887067e-05
3.375681e-05
1.538105e-04
1.347948e-04
3.375681e-05
1.210599e-04
3.375681e-05
3.375681e-05
1.502818e-04
1.105461e-04
2.037078e-04
1.500859e-04
1.345969e-04
4.072335e-04
2.456288e-04
2.813283e-04
2.316260e-04
9.144432e-05
1.138712e-04
1.399661e-04
4.987707e-05
4.987707e-05
1.270151e-04
4.987707e-05
1.188327e-04
1.435112e-04
4.987707e-05
1.187915e-04
1.022182e-04
4.227303e-05
6.211912e-05
8.004753e-05
7.589594e-05
1.307955e-04
8.171388e-05
4.310536e-04
4.291256e-04
5.428153e-04
5.266450e-04
4.530763e-04
7.129229e-04
5.740326e-04
5.611369e-04
7.281617e-04
3.741804e-04
5.096309e-04
6.021420e-04
6.753459e-04
4.398031e-04
4.462815e-04
6.442993e-04
4.847452e-04
3.544557e-04
2.459319e-06
9.033086e-06
7.524882e-06
2.459319e-06
8.758805e-06
2.459319e-06
2.459319e-06
7.392666e-06
1.806222e-05
7.711458e-05
6.304336e-05
1.806222e-05
7.088797e-05
1.806222e-05
1.806222e-05
6.358858e-05
3.313637e-04
3.903726e-04
7.364665e-04
4.743769e-04
5.719062e-04
4.528752e-04
5.626252e-04
5.361654e-04
3.582920e-04
2.196116e-04
2.971054e-04
2.849563e-04
3.790499e-04
2.442523e-04
2.810160e-04
3.230368e-04
5.456412e-04
4.738342e-04
6.086014e-04
4.701821e-04
6.814065e-04
3.437674e-04
4.353889e-04
6.091277e-04
5.645887e-04
4.859791e-04
6.398380e-04
4.523844e-04
4.885107e-04
4.654017e-04
2.271536e-04
4.045033e-04
4.146233e-04
3.532343e-04
2.976902e-04
3.314014e-04
2.020311e-04
1.626284e-04
2.698633e-04
2.288315e-04
5.872112e-05
6.373113e-05
6.373113e-05
5.872112e-05
6.373113e-05
5.872112e-05
5.872112e-05
6.373113e-05
2.931364e-05
3.181464e-05
3.181464e-05
2.931364e-05
3.181464e-05
2.931364e-05
2.931364e-05
3.181464e-05
4.577516e-04
3.299963e-04
4.365246e-04
6.108754e-04
5.874101e-04
4.018878e-04
5.289154e-04
5.638720e-04
5.687822e-04
4.158424e-04
4.861445e-04
3.049691e-04
7.373904e-06
9.033781e-06
1.408681e-05
7.373904e-06
1.202617e-05
7.373904e-06
7.373904e-06
1.194137e-05
1.350996e-05
1.831518e-05
2.788099e-05
1.350996e-05
2.455217e-05
1.350996e-05
1.350996e-05
2.329131e-05
1.118986e-04
8.890349e-05
3.554630e-04
2.011097e-04
